,Window Max Daily Deaths-alias,SUM(Confirm + Probable deaths)-alias,SUM(Confirmed Deathsby Death Dt)-alias,SUM(Probable Deathsby Death Dt)-alias,DAY(Epi Dt)-value,DAY(Epi Dt)-alias,County Parameter Cum Curve-alias,AGG(Prelim start date)-alias,AGG(Prelim end date)-alias,Measure Names-alias,Measure Values-value,Measure Values-alias
0,93,1,1,0,2021-10-27 00:00:00,10/27/21,Wisconsin,10/14/2021,10/28/2021,Probable case death,0,0.00
1,93,6,6,0,2021-10-26 00:00:00,10/26/21,Wisconsin,10/13/2021,10/27/2021,Probable case death,0,0.00
2,93,10,9,1,2021-10-25 00:00:00,10/25/21,Wisconsin,10/12/2021,10/26/2021,Probable case death,1,1.00
3,93,7,6,1,2021-10-24 00:00:00,10/24/21,Wisconsin,10/11/2021,10/25/2021,Probable case death,1,1.00
4,93,9,9,0,2021-10-23 00:00:00,10/23/21,Wisconsin,10/10/2021,10/24/2021,Probable case death,0,0.00
5,93,6,6,0,2021-10-22 00:00:00,10/22/21,Wisconsin,10/9/2021,10/23/2021,Probable case death,0,0.00
6,93,9,8,1,2021-10-21 00:00:00,10/21/21,Wisconsin,10/8/2021,10/22/2021,Probable case death,1,1.00
7,93,13,11,2,2021-10-20 00:00:00,10/20/21,Wisconsin,10/7/2021,10/21/2021,Probable case death,2,2.00
8,93,11,10,1,2021-10-19 00:00:00,10/19/21,Wisconsin,10/6/2021,10/20/2021,Probable case death,1,1.00
9,93,10,10,0,2021-10-18 00:00:00,10/18/21,Wisconsin,10/5/2021,10/19/2021,Probable case death,0,0.00
10,93,10,10,0,2021-10-17 00:00:00,10/17/21,Wisconsin,10/4/2021,10/18/2021,Probable case death,0,0.00
11,93,9,9,0,2021-10-16 00:00:00,10/16/21,Wisconsin,10/3/2021,10/17/2021,Probable case death,0,0.00
12,93,13,13,0,2021-10-15 00:00:00,10/15/21,Wisconsin,10/2/2021,10/16/2021,Probable case death,0,0.00
13,93,8,7,1,2021-10-14 00:00:00,10/14/21,Wisconsin,10/1/2021,10/15/2021,Probable case death,1,1.00
14,93,12,12,0,2021-10-13 00:00:00,10/13/21,Wisconsin,9/30/2021,10/14/2021,Probable case death,0,0.00
15,93,18,18,0,2021-10-12 00:00:00,10/12/21,Wisconsin,9/29/2021,10/13/2021,Probable case death,0,0.00
16,93,16,15,1,2021-10-11 00:00:00,10/11/21,Wisconsin,9/28/2021,10/12/2021,Probable case death,1,1.00
17,93,14,13,1,2021-10-10 00:00:00,10/10/21,Wisconsin,9/27/2021,10/11/2021,Probable case death,1,1.00
18,93,16,14,2,2021-10-09 00:00:00,10/9/21,Wisconsin,9/26/2021,10/10/2021,Probable case death,2,2.00
19,93,16,15,1,2021-10-08 00:00:00,10/8/21,Wisconsin,9/25/2021,10/9/2021,Probable case death,1,1.00
20,93,20,19,1,2021-10-07 00:00:00,10/7/21,Wisconsin,9/24/2021,10/8/2021,Probable case death,1,1.00
21,93,18,17,1,2021-10-06 00:00:00,10/6/21,Wisconsin,9/23/2021,10/7/2021,Probable case death,1,1.00
22,93,11,11,0,2021-10-05 00:00:00,10/5/21,Wisconsin,9/22/2021,10/6/2021,Probable case death,0,0.00
23,93,11,11,0,2021-10-04 00:00:00,10/4/21,Wisconsin,9/21/2021,10/5/2021,Probable case death,0,0.00
24,93,12,12,0,2021-10-03 00:00:00,10/3/21,Wisconsin,9/20/2021,10/4/2021,Probable case death,0,0.00
25,93,15,11,4,2021-10-02 00:00:00,10/2/21,Wisconsin,9/19/2021,10/3/2021,Probable case death,4,4.00
26,93,9,8,1,2021-10-01 00:00:00,10/1/21,Wisconsin,9/18/2021,10/2/2021,Probable case death,1,1.00
27,93,11,10,1,2021-09-30 00:00:00,9/30/21,Wisconsin,9/17/2021,10/1/2021,Probable case death,1,1.00
28,93,20,19,1,2021-09-29 00:00:00,9/29/21,Wisconsin,9/16/2021,9/30/2021,Probable case death,1,1.00
29,93,13,12,1,2021-09-28 00:00:00,9/28/21,Wisconsin,9/15/2021,9/29/2021,Probable case death,1,1.00
30,93,19,14,5,2021-09-27 00:00:00,9/27/21,Wisconsin,9/14/2021,9/28/2021,Probable case death,5,5.00
31,93,15,14,1,2021-09-26 00:00:00,9/26/21,Wisconsin,9/13/2021,9/27/2021,Probable case death,1,1.00
32,93,14,14,0,2021-09-25 00:00:00,9/25/21,Wisconsin,9/12/2021,9/26/2021,Probable case death,0,0.00
33,93,20,20,0,2021-09-24 00:00:00,9/24/21,Wisconsin,9/11/2021,9/25/2021,Probable case death,0,0.00
34,93,8,7,1,2021-09-23 00:00:00,9/23/21,Wisconsin,9/10/2021,9/24/2021,Probable case death,1,1.00
35,93,12,11,1,2021-09-22 00:00:00,9/22/21,Wisconsin,9/9/2021,9/23/2021,Probable case death,1,1.00
36,93,16,16,0,2021-09-21 00:00:00,9/21/21,Wisconsin,9/8/2021,9/22/2021,Probable case death,0,0.00
37,93,14,13,1,2021-09-20 00:00:00,9/20/21,Wisconsin,9/7/2021,9/21/2021,Probable case death,1,1.00
38,93,18,17,1,2021-09-19 00:00:00,9/19/21,Wisconsin,9/6/2021,9/20/2021,Probable case death,1,1.00
39,93,14,13,1,2021-09-18 00:00:00,9/18/21,Wisconsin,9/5/2021,9/19/2021,Probable case death,1,1.00
40,93,15,14,1,2021-09-17 00:00:00,9/17/21,Wisconsin,9/4/2021,9/18/2021,Probable case death,1,1.00
41,93,10,10,0,2021-09-16 00:00:00,9/16/21,Wisconsin,9/3/2021,9/17/2021,Probable case death,0,0.00
42,93,15,14,1,2021-09-15 00:00:00,9/15/21,Wisconsin,9/2/2021,9/16/2021,Probable case death,1,1.00
43,93,10,9,1,2021-09-14 00:00:00,9/14/21,Wisconsin,9/1/2021,9/15/2021,Probable case death,1,1.00
44,93,16,15,1,2021-09-13 00:00:00,9/13/21,Wisconsin,8/31/2021,9/14/2021,Probable case death,1,1.00
45,93,18,18,0,2021-09-12 00:00:00,9/12/21,Wisconsin,8/30/2021,9/13/2021,Probable case death,0,0.00
46,93,14,14,0,2021-09-11 00:00:00,9/11/21,Wisconsin,8/29/2021,9/12/2021,Probable case death,0,0.00
47,93,12,11,1,2021-09-10 00:00:00,9/10/21,Wisconsin,8/28/2021,9/11/2021,Probable case death,1,1.00
48,93,19,18,1,2021-09-09 00:00:00,9/9/21,Wisconsin,8/27/2021,9/10/2021,Probable case death,1,1.00
49,93,16,14,2,2021-09-08 00:00:00,9/8/21,Wisconsin,8/26/2021,9/9/2021,Probable case death,2,2.00
50,93,17,14,3,2021-09-07 00:00:00,9/7/21,Wisconsin,8/25/2021,9/8/2021,Probable case death,3,3.00
51,93,6,5,1,2021-09-06 00:00:00,9/6/21,Wisconsin,8/24/2021,9/7/2021,Probable case death,1,1.00
52,93,16,16,0,2021-09-05 00:00:00,9/5/21,Wisconsin,8/23/2021,9/6/2021,Probable case death,0,0.00
53,93,15,15,0,2021-09-04 00:00:00,9/4/21,Wisconsin,8/22/2021,9/5/2021,Probable case death,0,0.00
54,93,11,10,1,2021-09-03 00:00:00,9/3/21,Wisconsin,8/21/2021,9/4/2021,Probable case death,1,1.00
55,93,15,14,1,2021-09-02 00:00:00,9/2/21,Wisconsin,8/20/2021,9/3/2021,Probable case death,1,1.00
56,93,19,18,1,2021-09-01 00:00:00,9/1/21,Wisconsin,8/19/2021,9/2/2021,Probable case death,1,1.00
57,93,9,7,2,2021-08-31 00:00:00,8/31/21,Wisconsin,8/18/2021,9/1/2021,Probable case death,2,2.00
58,93,13,10,3,2021-08-30 00:00:00,8/30/21,Wisconsin,8/17/2021,8/31/2021,Probable case death,3,3.00
59,93,17,16,1,2021-08-29 00:00:00,8/29/21,Wisconsin,8/16/2021,8/30/2021,Probable case death,1,1.00
60,93,12,9,3,2021-08-28 00:00:00,8/28/21,Wisconsin,8/15/2021,8/29/2021,Probable case death,3,3.00
61,93,15,15,0,2021-08-27 00:00:00,8/27/21,Wisconsin,8/14/2021,8/28/2021,Probable case death,0,0.00
62,93,15,14,1,2021-08-26 00:00:00,8/26/21,Wisconsin,8/13/2021,8/27/2021,Probable case death,1,1.00
63,93,12,11,1,2021-08-25 00:00:00,8/25/21,Wisconsin,8/12/2021,8/26/2021,Probable case death,1,1.00
64,93,13,12,1,2021-08-24 00:00:00,8/24/21,Wisconsin,8/11/2021,8/25/2021,Probable case death,1,1.00
65,93,22,21,1,2021-08-23 00:00:00,8/23/21,Wisconsin,8/10/2021,8/24/2021,Probable case death,1,1.00
66,93,15,13,2,2021-08-22 00:00:00,8/22/21,Wisconsin,8/9/2021,8/23/2021,Probable case death,2,2.00
67,93,5,5,0,2021-08-21 00:00:00,8/21/21,Wisconsin,8/8/2021,8/22/2021,Probable case death,0,0.00
68,93,10,10,0,2021-08-20 00:00:00,8/20/21,Wisconsin,8/7/2021,8/21/2021,Probable case death,0,0.00
69,93,9,7,2,2021-08-19 00:00:00,8/19/21,Wisconsin,8/6/2021,8/20/2021,Probable case death,2,2.00
70,93,17,17,0,2021-08-18 00:00:00,8/18/21,Wisconsin,8/5/2021,8/19/2021,Probable case death,0,0.00
71,93,13,10,3,2021-08-17 00:00:00,8/17/21,Wisconsin,8/4/2021,8/18/2021,Probable case death,3,3.00
72,93,7,7,0,2021-08-16 00:00:00,8/16/21,Wisconsin,8/3/2021,8/17/2021,Probable case death,0,0.00
73,93,17,17,0,2021-08-15 00:00:00,8/15/21,Wisconsin,8/2/2021,8/16/2021,Probable case death,0,0.00
74,93,2,2,0,2021-08-14 00:00:00,8/14/21,Wisconsin,8/1/2021,8/15/2021,Probable case death,0,0.00
75,93,5,5,0,2021-08-13 00:00:00,8/13/21,Wisconsin,7/31/2021,8/14/2021,Probable case death,0,0.00
76,93,6,5,1,2021-08-12 00:00:00,8/12/21,Wisconsin,7/30/2021,8/13/2021,Probable case death,1,1.00
77,93,5,5,0,2021-08-11 00:00:00,8/11/21,Wisconsin,7/29/2021,8/12/2021,Probable case death,0,0.00
78,93,6,6,0,2021-08-10 00:00:00,8/10/21,Wisconsin,7/28/2021,8/11/2021,Probable case death,0,0.00
79,93,6,6,0,2021-08-09 00:00:00,8/9/21,Wisconsin,7/27/2021,8/10/2021,Probable case death,0,0.00
80,93,5,5,0,2021-08-08 00:00:00,8/8/21,Wisconsin,7/26/2021,8/9/2021,Probable case death,0,0.00
81,93,6,6,0,2021-08-07 00:00:00,8/7/21,Wisconsin,7/25/2021,8/8/2021,Probable case death,0,0.00
82,93,3,3,0,2021-08-06 00:00:00,8/6/21,Wisconsin,7/24/2021,8/7/2021,Probable case death,0,0.00
83,93,3,3,0,2021-08-05 00:00:00,8/5/21,Wisconsin,7/23/2021,8/6/2021,Probable case death,0,0.00
84,93,3,3,0,2021-08-04 00:00:00,8/4/21,Wisconsin,7/22/2021,8/5/2021,Probable case death,0,0.00
85,93,3,3,0,2021-08-03 00:00:00,8/3/21,Wisconsin,7/21/2021,8/4/2021,Probable case death,0,0.00
86,93,3,3,0,2021-08-02 00:00:00,8/2/21,Wisconsin,7/20/2021,8/3/2021,Probable case death,0,0.00
87,93,3,3,0,2021-08-01 00:00:00,8/1/21,Wisconsin,7/19/2021,8/2/2021,Probable case death,0,0.00
88,93,0,0,0,2021-07-31 00:00:00,7/31/21,Wisconsin,7/18/2021,8/1/2021,Probable case death,0,0.00
89,93,3,3,0,2021-07-30 00:00:00,7/30/21,Wisconsin,7/17/2021,7/31/2021,Probable case death,0,0.00
90,93,2,2,0,2021-07-29 00:00:00,7/29/21,Wisconsin,7/16/2021,7/30/2021,Probable case death,0,0.00
91,93,1,1,0,2021-07-28 00:00:00,7/28/21,Wisconsin,7/15/2021,7/29/2021,Probable case death,0,0.00
92,93,5,4,1,2021-07-27 00:00:00,7/27/21,Wisconsin,7/14/2021,7/28/2021,Probable case death,1,1.00
93,93,3,3,0,2021-07-26 00:00:00,7/26/21,Wisconsin,7/13/2021,7/27/2021,Probable case death,0,0.00
94,93,0,0,0,2021-07-25 00:00:00,7/25/21,Wisconsin,7/12/2021,7/26/2021,Probable case death,0,0.00
95,93,4,4,0,2021-07-24 00:00:00,7/24/21,Wisconsin,7/11/2021,7/25/2021,Probable case death,0,0.00
96,93,2,1,1,2021-07-23 00:00:00,7/23/21,Wisconsin,7/10/2021,7/24/2021,Probable case death,1,1.00
97,93,0,0,0,2021-07-22 00:00:00,7/22/21,Wisconsin,7/9/2021,7/23/2021,Probable case death,0,0.00
98,93,1,1,0,2021-07-21 00:00:00,7/21/21,Wisconsin,7/8/2021,7/22/2021,Probable case death,0,0.00
99,93,0,0,0,2021-07-20 00:00:00,7/20/21,Wisconsin,7/7/2021,7/21/2021,Probable case death,0,0.00
100,93,0,0,0,2021-07-19 00:00:00,7/19/21,Wisconsin,7/6/2021,7/20/2021,Probable case death,0,0.00
101,93,0,0,0,2021-07-18 00:00:00,7/18/21,Wisconsin,7/5/2021,7/19/2021,Probable case death,0,0.00
102,93,1,1,0,2021-07-17 00:00:00,7/17/21,Wisconsin,7/4/2021,7/18/2021,Probable case death,0,0.00
103,93,2,2,0,2021-07-16 00:00:00,7/16/21,Wisconsin,7/3/2021,7/17/2021,Probable case death,0,0.00
104,93,2,2,0,2021-07-15 00:00:00,7/15/21,Wisconsin,7/2/2021,7/16/2021,Probable case death,0,0.00
105,93,3,3,0,2021-07-14 00:00:00,7/14/21,Wisconsin,7/1/2021,7/15/2021,Probable case death,0,0.00
106,93,0,0,0,2021-07-13 00:00:00,7/13/21,Wisconsin,6/30/2021,7/14/2021,Probable case death,0,0.00
107,93,0,0,0,2021-07-12 00:00:00,7/12/21,Wisconsin,6/29/2021,7/13/2021,Probable case death,0,0.00
108,93,1,1,0,2021-07-11 00:00:00,7/11/21,Wisconsin,6/28/2021,7/12/2021,Probable case death,0,0.00
109,93,1,1,0,2021-07-10 00:00:00,7/10/21,Wisconsin,6/27/2021,7/11/2021,Probable case death,0,0.00
110,93,1,1,0,2021-07-09 00:00:00,7/9/21,Wisconsin,6/26/2021,7/10/2021,Probable case death,0,0.00
111,93,1,1,0,2021-07-08 00:00:00,7/8/21,Wisconsin,6/25/2021,7/9/2021,Probable case death,0,0.00
112,93,1,1,0,2021-07-07 00:00:00,7/7/21,Wisconsin,6/24/2021,7/8/2021,Probable case death,0,0.00
113,93,3,3,0,2021-07-06 00:00:00,7/6/21,Wisconsin,6/23/2021,7/7/2021,Probable case death,0,0.00
114,93,1,1,0,2021-07-05 00:00:00,7/5/21,Wisconsin,6/22/2021,7/6/2021,Probable case death,0,0.00
115,93,1,1,0,2021-07-04 00:00:00,7/4/21,Wisconsin,6/21/2021,7/5/2021,Probable case death,0,0.00
116,93,4,4,0,2021-07-03 00:00:00,7/3/21,Wisconsin,6/20/2021,7/4/2021,Probable case death,0,0.00
117,93,0,0,0,2021-07-02 00:00:00,7/2/21,Wisconsin,6/19/2021,7/3/2021,Probable case death,0,0.00
118,93,3,3,0,2021-07-01 00:00:00,7/1/21,Wisconsin,6/18/2021,7/2/2021,Probable case death,0,0.00
119,93,2,2,0,2021-06-30 00:00:00,6/30/21,Wisconsin,6/17/2021,7/1/2021,Probable case death,0,0.00
120,93,0,0,0,2021-06-29 00:00:00,6/29/21,Wisconsin,6/16/2021,6/30/2021,Probable case death,0,0.00
121,93,3,3,0,2021-06-28 00:00:00,6/28/21,Wisconsin,6/15/2021,6/29/2021,Probable case death,0,0.00
122,93,3,3,0,2021-06-27 00:00:00,6/27/21,Wisconsin,6/14/2021,6/28/2021,Probable case death,0,0.00
123,93,1,1,0,2021-06-26 00:00:00,6/26/21,Wisconsin,6/13/2021,6/27/2021,Probable case death,0,0.00
124,93,2,2,0,2021-06-25 00:00:00,6/25/21,Wisconsin,6/12/2021,6/26/2021,Probable case death,0,0.00
125,93,0,0,0,2021-06-24 00:00:00,6/24/21,Wisconsin,6/11/2021,6/25/2021,Probable case death,0,0.00
126,93,1,1,0,2021-06-23 00:00:00,6/23/21,Wisconsin,6/10/2021,6/24/2021,Probable case death,0,0.00
127,93,3,3,0,2021-06-22 00:00:00,6/22/21,Wisconsin,6/9/2021,6/23/2021,Probable case death,0,0.00
128,93,0,0,0,2021-06-21 00:00:00,6/21/21,Wisconsin,6/8/2021,6/22/2021,Probable case death,0,0.00
129,93,2,2,0,2021-06-20 00:00:00,6/20/21,Wisconsin,6/7/2021,6/21/2021,Probable case death,0,0.00
130,93,3,3,0,2021-06-19 00:00:00,6/19/21,Wisconsin,6/6/2021,6/20/2021,Probable case death,0,0.00
131,93,0,0,0,2021-06-18 00:00:00,6/18/21,Wisconsin,6/5/2021,6/19/2021,Probable case death,0,0.00
132,93,1,1,0,2021-06-17 00:00:00,6/17/21,Wisconsin,6/4/2021,6/18/2021,Probable case death,0,0.00
133,93,0,0,0,2021-06-16 00:00:00,6/16/21,Wisconsin,6/3/2021,6/17/2021,Probable case death,0,0.00
134,93,0,0,0,2021-06-15 00:00:00,6/15/21,Wisconsin,6/2/2021,6/16/2021,Probable case death,0,0.00
135,93,2,2,0,2021-06-14 00:00:00,6/14/21,Wisconsin,6/1/2021,6/15/2021,Probable case death,0,0.00
136,93,2,2,0,2021-06-13 00:00:00,6/13/21,Wisconsin,5/31/2021,6/14/2021,Probable case death,0,0.00
137,93,4,4,0,2021-06-12 00:00:00,6/12/21,Wisconsin,5/30/2021,6/13/2021,Probable case death,0,0.00
138,93,1,1,0,2021-06-11 00:00:00,6/11/21,Wisconsin,5/29/2021,6/12/2021,Probable case death,0,0.00
139,93,1,1,0,2021-06-10 00:00:00,6/10/21,Wisconsin,5/28/2021,6/11/2021,Probable case death,0,0.00
140,93,4,4,0,2021-06-09 00:00:00,6/9/21,Wisconsin,5/27/2021,6/10/2021,Probable case death,0,0.00
141,93,1,1,0,2021-06-08 00:00:00,6/8/21,Wisconsin,5/26/2021,6/9/2021,Probable case death,0,0.00
142,93,0,0,0,2021-06-07 00:00:00,6/7/21,Wisconsin,5/25/2021,6/8/2021,Probable case death,0,0.00
143,93,2,1,1,2021-06-06 00:00:00,6/6/21,Wisconsin,5/24/2021,6/7/2021,Probable case death,1,1.00
144,93,3,2,1,2021-06-05 00:00:00,6/5/21,Wisconsin,5/23/2021,6/6/2021,Probable case death,1,1.00
145,93,3,3,0,2021-06-04 00:00:00,6/4/21,Wisconsin,5/22/2021,6/5/2021,Probable case death,0,0.00
146,93,4,4,0,2021-06-03 00:00:00,6/3/21,Wisconsin,5/21/2021,6/4/2021,Probable case death,0,0.00
147,93,4,2,2,2021-06-02 00:00:00,6/2/21,Wisconsin,5/20/2021,6/3/2021,Probable case death,2,2.00
148,93,3,3,0,2021-06-01 00:00:00,6/1/21,Wisconsin,5/19/2021,6/2/2021,Probable case death,0,0.00
149,93,5,5,0,2021-05-31 00:00:00,5/31/21,Wisconsin,5/18/2021,6/1/2021,Probable case death,0,0.00
150,93,4,3,1,2021-05-30 00:00:00,5/30/21,Wisconsin,5/17/2021,5/31/2021,Probable case death,1,1.00
151,93,2,2,0,2021-05-29 00:00:00,5/29/21,Wisconsin,5/16/2021,5/30/2021,Probable case death,0,0.00
152,93,4,4,0,2021-05-28 00:00:00,5/28/21,Wisconsin,5/15/2021,5/29/2021,Probable case death,0,0.00
153,93,4,2,2,2021-05-27 00:00:00,5/27/21,Wisconsin,5/14/2021,5/28/2021,Probable case death,2,2.00
154,93,3,3,0,2021-05-26 00:00:00,5/26/21,Wisconsin,5/13/2021,5/27/2021,Probable case death,0,0.00
155,93,4,4,0,2021-05-25 00:00:00,5/25/21,Wisconsin,5/12/2021,5/26/2021,Probable case death,0,0.00
156,93,4,4,0,2021-05-24 00:00:00,5/24/21,Wisconsin,5/11/2021,5/25/2021,Probable case death,0,0.00
157,93,2,2,0,2021-05-23 00:00:00,5/23/21,Wisconsin,5/10/2021,5/24/2021,Probable case death,0,0.00
158,93,6,6,0,2021-05-22 00:00:00,5/22/21,Wisconsin,5/9/2021,5/23/2021,Probable case death,0,0.00
159,93,5,5,0,2021-05-21 00:00:00,5/21/21,Wisconsin,5/8/2021,5/22/2021,Probable case death,0,0.00
160,93,3,2,1,2021-05-20 00:00:00,5/20/21,Wisconsin,5/7/2021,5/21/2021,Probable case death,1,1.00
161,93,4,3,1,2021-05-19 00:00:00,5/19/21,Wisconsin,5/6/2021,5/20/2021,Probable case death,1,1.00
162,93,4,4,0,2021-05-18 00:00:00,5/18/21,Wisconsin,5/5/2021,5/19/2021,Probable case death,0,0.00
163,93,1,1,0,2021-05-17 00:00:00,5/17/21,Wisconsin,5/4/2021,5/18/2021,Probable case death,0,0.00
164,93,8,8,0,2021-05-16 00:00:00,5/16/21,Wisconsin,5/3/2021,5/17/2021,Probable case death,0,0.00
165,93,5,4,1,2021-05-15 00:00:00,5/15/21,Wisconsin,5/2/2021,5/16/2021,Probable case death,1,1.00
166,93,4,4,0,2021-05-14 00:00:00,5/14/21,Wisconsin,5/1/2021,5/15/2021,Probable case death,0,0.00
167,93,6,6,0,2021-05-13 00:00:00,5/13/21,Wisconsin,4/30/2021,5/14/2021,Probable case death,0,0.00
168,93,5,4,1,2021-05-12 00:00:00,5/12/21,Wisconsin,4/29/2021,5/13/2021,Probable case death,1,1.00
169,93,6,6,0,2021-05-11 00:00:00,5/11/21,Wisconsin,4/28/2021,5/12/2021,Probable case death,0,0.00
170,93,4,4,0,2021-05-10 00:00:00,5/10/21,Wisconsin,4/27/2021,5/11/2021,Probable case death,0,0.00
171,93,8,8,0,2021-05-09 00:00:00,5/9/21,Wisconsin,4/26/2021,5/10/2021,Probable case death,0,0.00
172,93,4,4,0,2021-05-08 00:00:00,5/8/21,Wisconsin,4/25/2021,5/9/2021,Probable case death,0,0.00
173,93,3,3,0,2021-05-07 00:00:00,5/7/21,Wisconsin,4/24/2021,5/8/2021,Probable case death,0,0.00
174,93,3,3,0,2021-05-06 00:00:00,5/6/21,Wisconsin,4/23/2021,5/7/2021,Probable case death,0,0.00
175,93,4,4,0,2021-05-05 00:00:00,5/5/21,Wisconsin,4/22/2021,5/6/2021,Probable case death,0,0.00
176,93,6,4,2,2021-05-04 00:00:00,5/4/21,Wisconsin,4/21/2021,5/5/2021,Probable case death,2,2.00
177,93,8,8,0,2021-05-03 00:00:00,5/3/21,Wisconsin,4/20/2021,5/4/2021,Probable case death,0,0.00
178,93,6,6,0,2021-05-02 00:00:00,5/2/21,Wisconsin,4/19/2021,5/3/2021,Probable case death,0,0.00
179,93,9,9,0,2021-05-01 00:00:00,5/1/21,Wisconsin,4/18/2021,5/2/2021,Probable case death,0,0.00
180,93,6,5,1,2021-04-30 00:00:00,4/30/21,Wisconsin,4/17/2021,5/1/2021,Probable case death,1,1.00
181,93,4,3,1,2021-04-29 00:00:00,4/29/21,Wisconsin,4/16/2021,4/30/2021,Probable case death,1,1.00
182,93,4,4,0,2021-04-28 00:00:00,4/28/21,Wisconsin,4/15/2021,4/29/2021,Probable case death,0,0.00
183,93,10,9,1,2021-04-27 00:00:00,4/27/21,Wisconsin,4/14/2021,4/28/2021,Probable case death,1,1.00
184,93,7,7,0,2021-04-26 00:00:00,4/26/21,Wisconsin,4/13/2021,4/27/2021,Probable case death,0,0.00
185,93,5,4,1,2021-04-25 00:00:00,4/25/21,Wisconsin,4/12/2021,4/26/2021,Probable case death,1,1.00
186,93,4,4,0,2021-04-24 00:00:00,4/24/21,Wisconsin,4/11/2021,4/25/2021,Probable case death,0,0.00
187,93,6,6,0,2021-04-23 00:00:00,4/23/21,Wisconsin,4/10/2021,4/24/2021,Probable case death,0,0.00
188,93,7,6,1,2021-04-22 00:00:00,4/22/21,Wisconsin,4/9/2021,4/23/2021,Probable case death,1,1.00
189,93,8,8,0,2021-04-21 00:00:00,4/21/21,Wisconsin,4/8/2021,4/22/2021,Probable case death,0,0.00
190,93,7,6,1,2021-04-20 00:00:00,4/20/21,Wisconsin,4/7/2021,4/21/2021,Probable case death,1,1.00
191,93,3,3,0,2021-04-19 00:00:00,4/19/21,Wisconsin,4/6/2021,4/20/2021,Probable case death,0,0.00
192,93,1,1,0,2021-04-18 00:00:00,4/18/21,Wisconsin,4/5/2021,4/19/2021,Probable case death,0,0.00
193,93,5,5,0,2021-04-17 00:00:00,4/17/21,Wisconsin,4/4/2021,4/18/2021,Probable case death,0,0.00
194,93,10,9,1,2021-04-16 00:00:00,4/16/21,Wisconsin,4/3/2021,4/17/2021,Probable case death,1,1.00
195,93,4,3,1,2021-04-15 00:00:00,4/15/21,Wisconsin,4/2/2021,4/16/2021,Probable case death,1,1.00
196,93,3,3,0,2021-04-14 00:00:00,4/14/21,Wisconsin,4/1/2021,4/15/2021,Probable case death,0,0.00
197,93,5,5,0,2021-04-13 00:00:00,4/13/21,Wisconsin,3/31/2021,4/14/2021,Probable case death,0,0.00
198,93,7,7,0,2021-04-12 00:00:00,4/12/21,Wisconsin,3/30/2021,4/13/2021,Probable case death,0,0.00
199,93,6,5,1,2021-04-11 00:00:00,4/11/21,Wisconsin,3/29/2021,4/12/2021,Probable case death,1,1.00
200,93,4,3,1,2021-04-10 00:00:00,4/10/21,Wisconsin,3/28/2021,4/11/2021,Probable case death,1,1.00
201,93,5,5,0,2021-04-09 00:00:00,4/9/21,Wisconsin,3/27/2021,4/10/2021,Probable case death,0,0.00
202,93,9,8,1,2021-04-08 00:00:00,4/8/21,Wisconsin,3/26/2021,4/9/2021,Probable case death,1,1.00
203,93,6,6,0,2021-04-07 00:00:00,4/7/21,Wisconsin,3/25/2021,4/8/2021,Probable case death,0,0.00
204,93,4,3,1,2021-04-06 00:00:00,4/6/21,Wisconsin,3/24/2021,4/7/2021,Probable case death,1,1.00
205,93,0,0,0,2021-04-05 00:00:00,4/5/21,Wisconsin,3/23/2021,4/6/2021,Probable case death,0,0.00
206,93,4,3,1,2021-04-04 00:00:00,4/4/21,Wisconsin,3/22/2021,4/5/2021,Probable case death,1,1.00
207,93,4,4,0,2021-04-03 00:00:00,4/3/21,Wisconsin,3/21/2021,4/4/2021,Probable case death,0,0.00
208,93,3,2,1,2021-04-02 00:00:00,4/2/21,Wisconsin,3/20/2021,4/3/2021,Probable case death,1,1.00
209,93,4,4,0,2021-04-01 00:00:00,4/1/21,Wisconsin,3/19/2021,4/2/2021,Probable case death,0,0.00
210,93,5,5,0,2021-03-31 00:00:00,3/31/21,Wisconsin,3/18/2021,4/1/2021,Probable case death,0,0.00
211,93,6,5,1,2021-03-30 00:00:00,3/30/21,Wisconsin,3/17/2021,3/31/2021,Probable case death,1,1.00
212,93,6,5,1,2021-03-29 00:00:00,3/29/21,Wisconsin,3/16/2021,3/30/2021,Probable case death,1,1.00
213,93,5,5,0,2021-03-28 00:00:00,3/28/21,Wisconsin,3/15/2021,3/29/2021,Probable case death,0,0.00
214,93,3,2,1,2021-03-27 00:00:00,3/27/21,Wisconsin,3/14/2021,3/28/2021,Probable case death,1,1.00
215,93,4,4,0,2021-03-26 00:00:00,3/26/21,Wisconsin,3/13/2021,3/27/2021,Probable case death,0,0.00
216,93,4,3,1,2021-03-25 00:00:00,3/25/21,Wisconsin,3/12/2021,3/26/2021,Probable case death,1,1.00
217,93,7,7,0,2021-03-24 00:00:00,3/24/21,Wisconsin,3/11/2021,3/25/2021,Probable case death,0,0.00
218,93,6,6,0,2021-03-23 00:00:00,3/23/21,Wisconsin,3/10/2021,3/24/2021,Probable case death,0,0.00
219,93,8,7,1,2021-03-22 00:00:00,3/22/21,Wisconsin,3/9/2021,3/23/2021,Probable case death,1,1.00
220,93,4,2,2,2021-03-21 00:00:00,3/21/21,Wisconsin,3/8/2021,3/22/2021,Probable case death,2,2.00
221,93,5,5,0,2021-03-20 00:00:00,3/20/21,Wisconsin,3/7/2021,3/21/2021,Probable case death,0,0.00
222,93,9,8,1,2021-03-19 00:00:00,3/19/21,Wisconsin,3/6/2021,3/20/2021,Probable case death,1,1.00
223,93,3,3,0,2021-03-18 00:00:00,3/18/21,Wisconsin,3/5/2021,3/19/2021,Probable case death,0,0.00
224,93,5,5,0,2021-03-17 00:00:00,3/17/21,Wisconsin,3/4/2021,3/18/2021,Probable case death,0,0.00
225,93,3,3,0,2021-03-16 00:00:00,3/16/21,Wisconsin,3/3/2021,3/17/2021,Probable case death,0,0.00
226,93,6,6,0,2021-03-15 00:00:00,3/15/21,Wisconsin,3/2/2021,3/16/2021,Probable case death,0,0.00
227,93,3,3,0,2021-03-14 00:00:00,3/14/21,Wisconsin,3/1/2021,3/15/2021,Probable case death,0,0.00
228,93,5,3,2,2021-03-13 00:00:00,3/13/21,Wisconsin,2/28/2021,3/14/2021,Probable case death,2,2.00
229,93,5,5,0,2021-03-12 00:00:00,3/12/21,Wisconsin,2/27/2021,3/13/2021,Probable case death,0,0.00
230,93,5,5,0,2021-03-11 00:00:00,3/11/21,Wisconsin,2/26/2021,3/12/2021,Probable case death,0,0.00
231,93,3,3,0,2021-03-10 00:00:00,3/10/21,Wisconsin,2/25/2021,3/11/2021,Probable case death,0,0.00
232,93,5,4,1,2021-03-09 00:00:00,3/9/21,Wisconsin,2/24/2021,3/10/2021,Probable case death,1,1.00
233,93,10,7,3,2021-03-08 00:00:00,3/8/21,Wisconsin,2/23/2021,3/9/2021,Probable case death,3,3.00
234,93,11,10,1,2021-03-07 00:00:00,3/7/21,Wisconsin,2/22/2021,3/8/2021,Probable case death,1,1.00
235,93,5,5,0,2021-03-06 00:00:00,3/6/21,Wisconsin,2/21/2021,3/7/2021,Probable case death,0,0.00
236,93,7,7,0,2021-03-05 00:00:00,3/5/21,Wisconsin,2/20/2021,3/6/2021,Probable case death,0,0.00
237,93,5,5,0,2021-03-04 00:00:00,3/4/21,Wisconsin,2/19/2021,3/5/2021,Probable case death,0,0.00
238,93,9,9,0,2021-03-03 00:00:00,3/3/21,Wisconsin,2/18/2021,3/4/2021,Probable case death,0,0.00
239,93,7,7,0,2021-03-02 00:00:00,3/2/21,Wisconsin,2/17/2021,3/3/2021,Probable case death,0,0.00
240,93,9,9,0,2021-03-01 00:00:00,3/1/21,Wisconsin,2/16/2021,3/2/2021,Probable case death,0,0.00
241,93,8,8,0,2021-02-28 00:00:00,2/28/21,Wisconsin,2/15/2021,3/1/2021,Probable case death,0,0.00
242,93,10,8,2,2021-02-27 00:00:00,2/27/21,Wisconsin,2/14/2021,2/28/2021,Probable case death,2,2.00
243,93,11,11,0,2021-02-26 00:00:00,2/26/21,Wisconsin,2/13/2021,2/27/2021,Probable case death,0,0.00
244,93,16,13,3,2021-02-25 00:00:00,2/25/21,Wisconsin,2/12/2021,2/26/2021,Probable case death,3,3.00
245,93,12,10,2,2021-02-24 00:00:00,2/24/21,Wisconsin,2/11/2021,2/25/2021,Probable case death,2,2.00
246,93,8,7,1,2021-02-23 00:00:00,2/23/21,Wisconsin,2/10/2021,2/24/2021,Probable case death,1,1.00
247,93,10,10,0,2021-02-22 00:00:00,2/22/21,Wisconsin,2/9/2021,2/23/2021,Probable case death,0,0.00
248,93,9,7,2,2021-02-21 00:00:00,2/21/21,Wisconsin,2/8/2021,2/22/2021,Probable case death,2,2.00
249,93,7,7,0,2021-02-20 00:00:00,2/20/21,Wisconsin,2/7/2021,2/21/2021,Probable case death,0,0.00
250,93,13,13,0,2021-02-19 00:00:00,2/19/21,Wisconsin,2/6/2021,2/20/2021,Probable case death,0,0.00
251,93,11,11,0,2021-02-18 00:00:00,2/18/21,Wisconsin,2/5/2021,2/19/2021,Probable case death,0,0.00
252,93,7,6,1,2021-02-17 00:00:00,2/17/21,Wisconsin,2/4/2021,2/18/2021,Probable case death,1,1.00
253,93,6,5,1,2021-02-16 00:00:00,2/16/21,Wisconsin,2/3/2021,2/17/2021,Probable case death,1,1.00
254,93,6,6,0,2021-02-15 00:00:00,2/15/21,Wisconsin,2/2/2021,2/16/2021,Probable case death,0,0.00
255,93,17,17,0,2021-02-14 00:00:00,2/14/21,Wisconsin,2/1/2021,2/15/2021,Probable case death,0,0.00
256,93,16,15,1,2021-02-13 00:00:00,2/13/21,Wisconsin,1/31/2021,2/14/2021,Probable case death,1,1.00
257,93,11,10,1,2021-02-12 00:00:00,2/12/21,Wisconsin,1/30/2021,2/13/2021,Probable case death,1,1.00
258,93,17,17,0,2021-02-11 00:00:00,2/11/21,Wisconsin,1/29/2021,2/12/2021,Probable case death,0,0.00
259,93,9,5,4,2021-02-10 00:00:00,2/10/21,Wisconsin,1/28/2021,2/11/2021,Probable case death,4,4.00
260,93,23,20,3,2021-02-09 00:00:00,2/9/21,Wisconsin,1/27/2021,2/10/2021,Probable case death,3,3.00
261,93,10,9,1,2021-02-08 00:00:00,2/8/21,Wisconsin,1/26/2021,2/9/2021,Probable case death,1,1.00
262,93,19,15,4,2021-02-07 00:00:00,2/7/21,Wisconsin,1/25/2021,2/8/2021,Probable case death,4,4.00
263,93,15,10,5,2021-02-06 00:00:00,2/6/21,Wisconsin,1/24/2021,2/7/2021,Probable case death,5,5.00
264,93,15,12,3,2021-02-05 00:00:00,2/5/21,Wisconsin,1/23/2021,2/6/2021,Probable case death,3,3.00
265,93,29,24,5,2021-02-04 00:00:00,2/4/21,Wisconsin,1/22/2021,2/5/2021,Probable case death,5,5.00
266,93,29,22,7,2021-02-03 00:00:00,2/3/21,Wisconsin,1/21/2021,2/4/2021,Probable case death,7,7.00
267,93,25,20,5,2021-02-02 00:00:00,2/2/21,Wisconsin,1/20/2021,2/3/2021,Probable case death,5,5.00
268,93,23,20,3,2021-02-01 00:00:00,2/1/21,Wisconsin,1/19/2021,2/2/2021,Probable case death,3,3.00
269,93,20,19,1,2021-01-31 00:00:00,1/31/21,Wisconsin,1/18/2021,2/1/2021,Probable case death,1,1.00
270,93,33,31,2,2021-01-30 00:00:00,1/30/21,Wisconsin,1/17/2021,1/31/2021,Probable case death,2,2.00
271,93,23,19,4,2021-01-29 00:00:00,1/29/21,Wisconsin,1/16/2021,1/30/2021,Probable case death,4,4.00
272,93,28,26,2,2021-01-28 00:00:00,1/28/21,Wisconsin,1/15/2021,1/29/2021,Probable case death,2,2.00
273,93,27,24,3,2021-01-27 00:00:00,1/27/21,Wisconsin,1/14/2021,1/28/2021,Probable case death,3,3.00
274,93,25,24,1,2021-01-26 00:00:00,1/26/21,Wisconsin,1/13/2021,1/27/2021,Probable case death,1,1.00
275,93,23,17,6,2021-01-25 00:00:00,1/25/21,Wisconsin,1/12/2021,1/26/2021,Probable case death,6,6.00
276,93,32,28,4,2021-01-24 00:00:00,1/24/21,Wisconsin,1/11/2021,1/25/2021,Probable case death,4,4.00
277,93,34,25,9,2021-01-23 00:00:00,1/23/21,Wisconsin,1/10/2021,1/24/2021,Probable case death,9,9.00
278,93,31,29,2,2021-01-22 00:00:00,1/22/21,Wisconsin,1/9/2021,1/23/2021,Probable case death,2,2.00
279,93,35,33,2,2021-01-21 00:00:00,1/21/21,Wisconsin,1/8/2021,1/22/2021,Probable case death,2,2.00
280,93,28,24,4,2021-01-20 00:00:00,1/20/21,Wisconsin,1/7/2021,1/21/2021,Probable case death,4,4.00
281,93,31,22,9,2021-01-19 00:00:00,1/19/21,Wisconsin,1/6/2021,1/20/2021,Probable case death,9,9.00
282,93,30,25,5,2021-01-18 00:00:00,1/18/21,Wisconsin,1/5/2021,1/19/2021,Probable case death,5,5.00
283,93,29,29,0,2021-01-17 00:00:00,1/17/21,Wisconsin,1/4/2021,1/18/2021,Probable case death,0,0.00
284,93,40,33,7,2021-01-16 00:00:00,1/16/21,Wisconsin,1/3/2021,1/17/2021,Probable case death,7,7.00
285,93,35,27,8,2021-01-15 00:00:00,1/15/21,Wisconsin,1/2/2021,1/16/2021,Probable case death,8,8.00
286,93,31,23,8,2021-01-14 00:00:00,1/14/21,Wisconsin,1/1/2021,1/15/2021,Probable case death,8,8.00
287,93,40,33,7,2021-01-13 00:00:00,1/13/21,Wisconsin,12/31/2020,1/14/2021,Probable case death,7,7.00
288,93,32,25,7,2021-01-12 00:00:00,1/12/21,Wisconsin,12/30/2020,1/13/2021,Probable case death,7,7.00
289,93,40,33,7,2021-01-11 00:00:00,1/11/21,Wisconsin,12/29/2020,1/12/2021,Probable case death,7,7.00
290,93,24,17,7,2021-01-10 00:00:00,1/10/21,Wisconsin,12/28/2020,1/11/2021,Probable case death,7,7.00
291,93,37,31,6,2021-01-09 00:00:00,1/9/21,Wisconsin,12/27/2020,1/10/2021,Probable case death,6,6.00
292,93,40,31,9,2021-01-08 00:00:00,1/8/21,Wisconsin,12/26/2020,1/9/2021,Probable case death,9,9.00
293,93,51,43,8,2021-01-07 00:00:00,1/7/21,Wisconsin,12/25/2020,1/8/2021,Probable case death,8,8.00
294,93,35,28,7,2021-01-06 00:00:00,1/6/21,Wisconsin,12/24/2020,1/7/2021,Probable case death,7,7.00
295,93,41,35,6,2021-01-05 00:00:00,1/5/21,Wisconsin,12/23/2020,1/6/2021,Probable case death,6,6.00
296,93,33,29,4,2021-01-04 00:00:00,1/4/21,Wisconsin,12/22/2020,1/5/2021,Probable case death,4,4.00
297,93,40,35,5,2021-01-03 00:00:00,1/3/21,Wisconsin,12/21/2020,1/4/2021,Probable case death,5,5.00
298,93,55,48,7,2021-01-02 00:00:00,1/2/21,Wisconsin,12/20/2020,1/3/2021,Probable case death,7,7.00
299,93,44,34,10,2021-01-01 00:00:00,1/1/21,Wisconsin,12/19/2020,1/2/2021,Probable case death,10,10.00
300,93,48,44,4,2020-12-31 00:00:00,12/31/20,Wisconsin,12/18/2020,1/1/2021,Probable case death,4,4.00
301,93,38,30,8,2020-12-30 00:00:00,12/30/20,Wisconsin,12/17/2020,12/31/2020,Probable case death,8,8.00
302,93,48,35,13,2020-12-29 00:00:00,12/29/20,Wisconsin,12/16/2020,12/30/2020,Probable case death,13,13.00
303,93,42,35,7,2020-12-28 00:00:00,12/28/20,Wisconsin,12/15/2020,12/29/2020,Probable case death,7,7.00
304,93,41,35,6,2020-12-27 00:00:00,12/27/20,Wisconsin,12/14/2020,12/28/2020,Probable case death,6,6.00
305,93,60,54,6,2020-12-26 00:00:00,12/26/20,Wisconsin,12/13/2020,12/27/2020,Probable case death,6,6.00
306,93,35,31,4,2020-12-25 00:00:00,12/25/20,Wisconsin,12/12/2020,12/26/2020,Probable case death,4,4.00
307,93,41,36,5,2020-12-24 00:00:00,12/24/20,Wisconsin,12/11/2020,12/25/2020,Probable case death,5,5.00
308,93,49,43,6,2020-12-23 00:00:00,12/23/20,Wisconsin,12/10/2020,12/24/2020,Probable case death,6,6.00
309,93,35,30,5,2020-12-22 00:00:00,12/22/20,Wisconsin,12/9/2020,12/23/2020,Probable case death,5,5.00
310,93,57,49,8,2020-12-21 00:00:00,12/21/20,Wisconsin,12/8/2020,12/22/2020,Probable case death,8,8.00
311,93,53,45,8,2020-12-20 00:00:00,12/20/20,Wisconsin,12/7/2020,12/21/2020,Probable case death,8,8.00
312,93,54,41,13,2020-12-19 00:00:00,12/19/20,Wisconsin,12/6/2020,12/20/2020,Probable case death,13,13.00
313,93,57,50,7,2020-12-18 00:00:00,12/18/20,Wisconsin,12/5/2020,12/19/2020,Probable case death,7,7.00
314,93,65,58,7,2020-12-17 00:00:00,12/17/20,Wisconsin,12/4/2020,12/18/2020,Probable case death,7,7.00
315,93,56,46,10,2020-12-16 00:00:00,12/16/20,Wisconsin,12/3/2020,12/17/2020,Probable case death,10,10.00
316,93,54,47,7,2020-12-15 00:00:00,12/15/20,Wisconsin,12/2/2020,12/16/2020,Probable case death,7,7.00
317,93,64,59,5,2020-12-14 00:00:00,12/14/20,Wisconsin,12/1/2020,12/15/2020,Probable case death,5,5.00
318,93,54,48,6,2020-12-13 00:00:00,12/13/20,Wisconsin,11/30/2020,12/14/2020,Probable case death,6,6.00
319,93,51,37,14,2020-12-12 00:00:00,12/12/20,Wisconsin,11/29/2020,12/13/2020,Probable case death,14,14.00
320,93,80,65,15,2020-12-11 00:00:00,12/11/20,Wisconsin,11/28/2020,12/12/2020,Probable case death,15,15.00
321,93,62,53,9,2020-12-10 00:00:00,12/10/20,Wisconsin,11/27/2020,12/11/2020,Probable case death,9,9.00
322,93,74,64,10,2020-12-09 00:00:00,12/9/20,Wisconsin,11/26/2020,12/10/2020,Probable case death,10,10.00
323,93,60,48,12,2020-12-08 00:00:00,12/8/20,Wisconsin,11/25/2020,12/9/2020,Probable case death,12,12.00
324,93,68,61,7,2020-12-07 00:00:00,12/7/20,Wisconsin,11/24/2020,12/8/2020,Probable case death,7,7.00
325,93,55,51,4,2020-12-06 00:00:00,12/6/20,Wisconsin,11/23/2020,12/7/2020,Probable case death,4,4.00
326,93,75,62,13,2020-12-05 00:00:00,12/5/20,Wisconsin,11/22/2020,12/6/2020,Probable case death,13,13.00
327,93,64,49,15,2020-12-04 00:00:00,12/4/20,Wisconsin,11/21/2020,12/5/2020,Probable case death,15,15.00
328,93,82,68,14,2020-12-03 00:00:00,12/3/20,Wisconsin,11/20/2020,12/4/2020,Probable case death,14,14.00
329,93,78,66,12,2020-12-02 00:00:00,12/2/20,Wisconsin,11/19/2020,12/3/2020,Probable case death,12,12.00
330,93,86,70,16,2020-12-01 00:00:00,12/1/20,Wisconsin,11/18/2020,12/2/2020,Probable case death,16,16.00
331,93,68,54,14,2020-11-30 00:00:00,11/30/20,Wisconsin,11/17/2020,12/1/2020,Probable case death,14,14.00
332,93,65,59,6,2020-11-29 00:00:00,11/29/20,Wisconsin,11/16/2020,11/30/2020,Probable case death,6,6.00
333,93,64,55,9,2020-11-28 00:00:00,11/28/20,Wisconsin,11/15/2020,11/29/2020,Probable case death,9,9.00
334,93,66,56,10,2020-11-27 00:00:00,11/27/20,Wisconsin,11/14/2020,11/28/2020,Probable case death,10,10.00
335,93,69,63,6,2020-11-26 00:00:00,11/26/20,Wisconsin,11/13/2020,11/27/2020,Probable case death,6,6.00
336,93,66,56,10,2020-11-25 00:00:00,11/25/20,Wisconsin,11/12/2020,11/26/2020,Probable case death,10,10.00
337,93,82,65,17,2020-11-24 00:00:00,11/24/20,Wisconsin,11/11/2020,11/25/2020,Probable case death,17,17.00
338,93,69,63,6,2020-11-23 00:00:00,11/23/20,Wisconsin,11/10/2020,11/24/2020,Probable case death,6,6.00
339,93,68,64,4,2020-11-22 00:00:00,11/22/20,Wisconsin,11/9/2020,11/23/2020,Probable case death,4,4.00
340,93,65,57,8,2020-11-21 00:00:00,11/21/20,Wisconsin,11/8/2020,11/22/2020,Probable case death,8,8.00
341,93,73,66,7,2020-11-20 00:00:00,11/20/20,Wisconsin,11/7/2020,11/21/2020,Probable case death,7,7.00
342,93,89,78,11,2020-11-19 00:00:00,11/19/20,Wisconsin,11/6/2020,11/20/2020,Probable case death,11,11.00
343,93,87,78,9,2020-11-18 00:00:00,11/18/20,Wisconsin,11/5/2020,11/19/2020,Probable case death,9,9.00
344,93,93,86,7,2020-11-17 00:00:00,11/17/20,Wisconsin,11/4/2020,11/18/2020,Probable case death,7,7.00
345,93,82,71,11,2020-11-16 00:00:00,11/16/20,Wisconsin,11/3/2020,11/17/2020,Probable case death,11,11.00
346,93,75,68,7,2020-11-15 00:00:00,11/15/20,Wisconsin,11/2/2020,11/16/2020,Probable case death,7,7.00
347,93,74,68,6,2020-11-14 00:00:00,11/14/20,Wisconsin,11/1/2020,11/15/2020,Probable case death,6,6.00
348,93,71,70,1,2020-11-13 00:00:00,11/13/20,Wisconsin,10/31/2020,11/14/2020,Probable case death,1,1.00
349,93,85,80,5,2020-11-12 00:00:00,11/12/20,Wisconsin,10/30/2020,11/13/2020,Probable case death,5,5.00
350,93,75,68,7,2020-11-11 00:00:00,11/11/20,Wisconsin,10/29/2020,11/12/2020,Probable case death,7,7.00
351,93,71,62,9,2020-11-10 00:00:00,11/10/20,Wisconsin,10/28/2020,11/11/2020,Probable case death,9,9.00
352,93,82,71,11,2020-11-09 00:00:00,11/9/20,Wisconsin,10/27/2020,11/10/2020,Probable case death,11,11.00
353,93,68,62,6,2020-11-08 00:00:00,11/8/20,Wisconsin,10/26/2020,11/9/2020,Probable case death,6,6.00
354,93,65,60,5,2020-11-07 00:00:00,11/7/20,Wisconsin,10/25/2020,11/8/2020,Probable case death,5,5.00
355,93,77,68,9,2020-11-06 00:00:00,11/6/20,Wisconsin,10/24/2020,11/7/2020,Probable case death,9,9.00
356,93,72,67,5,2020-11-05 00:00:00,11/5/20,Wisconsin,10/23/2020,11/6/2020,Probable case death,5,5.00
357,93,59,57,2,2020-11-04 00:00:00,11/4/20,Wisconsin,10/22/2020,11/5/2020,Probable case death,2,2.00
358,93,64,57,7,2020-11-03 00:00:00,11/3/20,Wisconsin,10/21/2020,11/4/2020,Probable case death,7,7.00
359,93,59,56,3,2020-11-02 00:00:00,11/2/20,Wisconsin,10/20/2020,11/3/2020,Probable case death,3,3.00
360,93,38,34,4,2020-11-01 00:00:00,11/1/20,Wisconsin,10/19/2020,11/2/2020,Probable case death,4,4.00
361,93,59,55,4,2020-10-31 00:00:00,10/31/20,Wisconsin,10/18/2020,11/1/2020,Probable case death,4,4.00
362,93,51,47,4,2020-10-30 00:00:00,10/30/20,Wisconsin,10/17/2020,10/31/2020,Probable case death,4,4.00
363,93,56,44,12,2020-10-29 00:00:00,10/29/20,Wisconsin,10/16/2020,10/30/2020,Probable case death,12,12.00
364,93,48,46,2,2020-10-28 00:00:00,10/28/20,Wisconsin,10/15/2020,10/29/2020,Probable case death,2,2.00
365,93,55,47,8,2020-10-27 00:00:00,10/27/20,Wisconsin,10/14/2020,10/28/2020,Probable case death,8,8.00
366,93,37,33,4,2020-10-26 00:00:00,10/26/20,Wisconsin,10/13/2020,10/27/2020,Probable case death,4,4.00
367,93,44,39,5,2020-10-25 00:00:00,10/25/20,Wisconsin,10/12/2020,10/26/2020,Probable case death,5,5.00
368,93,47,43,4,2020-10-24 00:00:00,10/24/20,Wisconsin,10/11/2020,10/25/2020,Probable case death,4,4.00
369,93,47,44,3,2020-10-23 00:00:00,10/23/20,Wisconsin,10/10/2020,10/24/2020,Probable case death,3,3.00
370,93,38,33,5,2020-10-22 00:00:00,10/22/20,Wisconsin,10/9/2020,10/23/2020,Probable case death,5,5.00
371,93,34,30,4,2020-10-21 00:00:00,10/21/20,Wisconsin,10/8/2020,10/22/2020,Probable case death,4,4.00
372,93,37,36,1,2020-10-20 00:00:00,10/20/20,Wisconsin,10/7/2020,10/21/2020,Probable case death,1,1.00
373,93,41,39,2,2020-10-19 00:00:00,10/19/20,Wisconsin,10/6/2020,10/20/2020,Probable case death,2,2.00
374,93,40,38,2,2020-10-18 00:00:00,10/18/20,Wisconsin,10/5/2020,10/19/2020,Probable case death,2,2.00
375,93,31,29,2,2020-10-17 00:00:00,10/17/20,Wisconsin,10/4/2020,10/18/2020,Probable case death,2,2.00
376,93,39,34,5,2020-10-16 00:00:00,10/16/20,Wisconsin,10/3/2020,10/17/2020,Probable case death,5,5.00
377,93,30,26,4,2020-10-15 00:00:00,10/15/20,Wisconsin,10/2/2020,10/16/2020,Probable case death,4,4.00
378,93,25,21,4,2020-10-14 00:00:00,10/14/20,Wisconsin,10/1/2020,10/15/2020,Probable case death,4,4.00
379,93,26,24,2,2020-10-13 00:00:00,10/13/20,Wisconsin,9/30/2020,10/14/2020,Probable case death,2,2.00
380,93,21,21,0,2020-10-12 00:00:00,10/12/20,Wisconsin,9/29/2020,10/13/2020,Probable case death,0,0.00
381,93,31,27,4,2020-10-11 00:00:00,10/11/20,Wisconsin,9/28/2020,10/12/2020,Probable case death,4,4.00
382,93,23,23,0,2020-10-10 00:00:00,10/10/20,Wisconsin,9/27/2020,10/11/2020,Probable case death,0,0.00
383,93,25,24,1,2020-10-09 00:00:00,10/9/20,Wisconsin,9/26/2020,10/10/2020,Probable case death,1,1.00
384,93,17,17,0,2020-10-08 00:00:00,10/8/20,Wisconsin,9/25/2020,10/9/2020,Probable case death,0,0.00
385,93,25,24,1,2020-10-07 00:00:00,10/7/20,Wisconsin,9/24/2020,10/8/2020,Probable case death,1,1.00
386,93,15,15,0,2020-10-06 00:00:00,10/6/20,Wisconsin,9/23/2020,10/7/2020,Probable case death,0,0.00
387,93,13,13,0,2020-10-05 00:00:00,10/5/20,Wisconsin,9/22/2020,10/6/2020,Probable case death,0,0.00
388,93,10,10,0,2020-10-04 00:00:00,10/4/20,Wisconsin,9/21/2020,10/5/2020,Probable case death,0,0.00
389,93,10,10,0,2020-10-03 00:00:00,10/3/20,Wisconsin,9/20/2020,10/4/2020,Probable case death,0,0.00
390,93,18,17,1,2020-10-02 00:00:00,10/2/20,Wisconsin,9/19/2020,10/3/2020,Probable case death,1,1.00
391,93,13,11,2,2020-10-01 00:00:00,10/1/20,Wisconsin,9/18/2020,10/2/2020,Probable case death,2,2.00
392,93,13,13,0,2020-09-30 00:00:00,9/30/20,Wisconsin,9/17/2020,10/1/2020,Probable case death,0,0.00
393,93,11,11,0,2020-09-29 00:00:00,9/29/20,Wisconsin,9/16/2020,9/30/2020,Probable case death,0,0.00
394,93,10,10,0,2020-09-28 00:00:00,9/28/20,Wisconsin,9/15/2020,9/29/2020,Probable case death,0,0.00
395,93,11,11,0,2020-09-27 00:00:00,9/27/20,Wisconsin,9/14/2020,9/28/2020,Probable case death,0,0.00
396,93,8,8,0,2020-09-26 00:00:00,9/26/20,Wisconsin,9/13/2020,9/27/2020,Probable case death,0,0.00
397,93,7,7,0,2020-09-25 00:00:00,9/25/20,Wisconsin,9/12/2020,9/26/2020,Probable case death,0,0.00
398,93,11,11,0,2020-09-24 00:00:00,9/24/20,Wisconsin,9/11/2020,9/25/2020,Probable case death,0,0.00
399,93,13,13,0,2020-09-23 00:00:00,9/23/20,Wisconsin,9/10/2020,9/24/2020,Probable case death,0,0.00
400,93,2,2,0,2020-09-22 00:00:00,9/22/20,Wisconsin,9/9/2020,9/23/2020,Probable case death,0,0.00
401,93,5,5,0,2020-09-21 00:00:00,9/21/20,Wisconsin,9/8/2020,9/22/2020,Probable case death,0,0.00
402,93,11,11,0,2020-09-20 00:00:00,9/20/20,Wisconsin,9/7/2020,9/21/2020,Probable case death,0,0.00
403,93,4,4,0,2020-09-19 00:00:00,9/19/20,Wisconsin,9/6/2020,9/20/2020,Probable case death,0,0.00
404,93,4,4,0,2020-09-18 00:00:00,9/18/20,Wisconsin,9/5/2020,9/19/2020,Probable case death,0,0.00
405,93,6,6,0,2020-09-17 00:00:00,9/17/20,Wisconsin,9/4/2020,9/18/2020,Probable case death,0,0.00
406,93,2,2,0,2020-09-16 00:00:00,9/16/20,Wisconsin,9/3/2020,9/17/2020,Probable case death,0,0.00
407,93,7,7,0,2020-09-15 00:00:00,9/15/20,Wisconsin,9/2/2020,9/16/2020,Probable case death,0,0.00
408,93,4,4,0,2020-09-14 00:00:00,9/14/20,Wisconsin,9/1/2020,9/15/2020,Probable case death,0,0.00
409,93,7,7,0,2020-09-13 00:00:00,9/13/20,Wisconsin,8/31/2020,9/14/2020,Probable case death,0,0.00
410,93,7,7,0,2020-09-12 00:00:00,9/12/20,Wisconsin,8/30/2020,9/13/2020,Probable case death,0,0.00
411,93,11,10,1,2020-09-11 00:00:00,9/11/20,Wisconsin,8/29/2020,9/12/2020,Probable case death,1,1.00
412,93,1,1,0,2020-09-10 00:00:00,9/10/20,Wisconsin,8/28/2020,9/11/2020,Probable case death,0,0.00
413,93,5,5,0,2020-09-09 00:00:00,9/9/20,Wisconsin,8/27/2020,9/10/2020,Probable case death,0,0.00
414,93,5,5,0,2020-09-08 00:00:00,9/8/20,Wisconsin,8/26/2020,9/9/2020,Probable case death,0,0.00
415,93,9,9,0,2020-09-07 00:00:00,9/7/20,Wisconsin,8/25/2020,9/8/2020,Probable case death,0,0.00
416,93,6,6,0,2020-09-06 00:00:00,9/6/20,Wisconsin,8/24/2020,9/7/2020,Probable case death,0,0.00
417,93,2,2,0,2020-09-05 00:00:00,9/5/20,Wisconsin,8/23/2020,9/6/2020,Probable case death,0,0.00
418,93,9,9,0,2020-09-04 00:00:00,9/4/20,Wisconsin,8/22/2020,9/5/2020,Probable case death,0,0.00
419,93,5,5,0,2020-09-03 00:00:00,9/3/20,Wisconsin,8/21/2020,9/4/2020,Probable case death,0,0.00
420,93,8,8,0,2020-09-02 00:00:00,9/2/20,Wisconsin,8/20/2020,9/3/2020,Probable case death,0,0.00
421,93,8,8,0,2020-09-01 00:00:00,9/1/20,Wisconsin,8/19/2020,9/2/2020,Probable case death,0,0.00
422,93,4,4,0,2020-08-31 00:00:00,8/31/20,Wisconsin,8/18/2020,9/1/2020,Probable case death,0,0.00
423,93,5,5,0,2020-08-30 00:00:00,8/30/20,Wisconsin,8/17/2020,8/31/2020,Probable case death,0,0.00
424,93,9,9,0,2020-08-29 00:00:00,8/29/20,Wisconsin,8/16/2020,8/30/2020,Probable case death,0,0.00
425,93,6,6,0,2020-08-28 00:00:00,8/28/20,Wisconsin,8/15/2020,8/29/2020,Probable case death,0,0.00
426,93,3,3,0,2020-08-27 00:00:00,8/27/20,Wisconsin,8/14/2020,8/28/2020,Probable case death,0,0.00
427,93,12,12,0,2020-08-26 00:00:00,8/26/20,Wisconsin,8/13/2020,8/27/2020,Probable case death,0,0.00
428,93,7,7,0,2020-08-25 00:00:00,8/25/20,Wisconsin,8/12/2020,8/26/2020,Probable case death,0,0.00
429,93,7,7,0,2020-08-24 00:00:00,8/24/20,Wisconsin,8/11/2020,8/25/2020,Probable case death,0,0.00
430,93,4,4,0,2020-08-23 00:00:00,8/23/20,Wisconsin,8/10/2020,8/24/2020,Probable case death,0,0.00
431,93,6,5,1,2020-08-22 00:00:00,8/22/20,Wisconsin,8/9/2020,8/23/2020,Probable case death,1,1.00
432,93,7,7,0,2020-08-21 00:00:00,8/21/20,Wisconsin,8/8/2020,8/22/2020,Probable case death,0,0.00
433,93,7,7,0,2020-08-20 00:00:00,8/20/20,Wisconsin,8/7/2020,8/21/2020,Probable case death,0,0.00
434,93,5,5,0,2020-08-19 00:00:00,8/19/20,Wisconsin,8/6/2020,8/20/2020,Probable case death,0,0.00
435,93,4,4,0,2020-08-18 00:00:00,8/18/20,Wisconsin,8/5/2020,8/19/2020,Probable case death,0,0.00
436,93,4,4,0,2020-08-17 00:00:00,8/17/20,Wisconsin,8/4/2020,8/18/2020,Probable case death,0,0.00
437,93,5,5,0,2020-08-16 00:00:00,8/16/20,Wisconsin,8/3/2020,8/17/2020,Probable case death,0,0.00
438,93,7,7,0,2020-08-15 00:00:00,8/15/20,Wisconsin,8/2/2020,8/16/2020,Probable case death,0,0.00
439,93,11,11,0,2020-08-14 00:00:00,8/14/20,Wisconsin,8/1/2020,8/15/2020,Probable case death,0,0.00
440,93,5,5,0,2020-08-13 00:00:00,8/13/20,Wisconsin,7/31/2020,8/14/2020,Probable case death,0,0.00
441,93,9,9,0,2020-08-12 00:00:00,8/12/20,Wisconsin,7/30/2020,8/13/2020,Probable case death,0,0.00
442,93,9,9,0,2020-08-11 00:00:00,8/11/20,Wisconsin,7/29/2020,8/12/2020,Probable case death,0,0.00
443,93,5,5,0,2020-08-10 00:00:00,8/10/20,Wisconsin,7/28/2020,8/11/2020,Probable case death,0,0.00
444,93,6,6,0,2020-08-09 00:00:00,8/9/20,Wisconsin,7/27/2020,8/10/2020,Probable case death,0,0.00
445,93,13,12,1,2020-08-08 00:00:00,8/8/20,Wisconsin,7/26/2020,8/9/2020,Probable case death,1,1.00
446,93,7,7,0,2020-08-07 00:00:00,8/7/20,Wisconsin,7/25/2020,8/8/2020,Probable case death,0,0.00
447,93,7,7,0,2020-08-06 00:00:00,8/6/20,Wisconsin,7/24/2020,8/7/2020,Probable case death,0,0.00
448,93,8,8,0,2020-08-05 00:00:00,8/5/20,Wisconsin,7/23/2020,8/6/2020,Probable case death,0,0.00
449,93,8,8,0,2020-08-04 00:00:00,8/4/20,Wisconsin,7/22/2020,8/5/2020,Probable case death,0,0.00
450,93,12,11,1,2020-08-03 00:00:00,8/3/20,Wisconsin,7/21/2020,8/4/2020,Probable case death,1,1.00
451,93,9,9,0,2020-08-02 00:00:00,8/2/20,Wisconsin,7/20/2020,8/3/2020,Probable case death,0,0.00
452,93,3,3,0,2020-08-01 00:00:00,8/1/20,Wisconsin,7/19/2020,8/2/2020,Probable case death,0,0.00
453,93,6,6,0,2020-07-31 00:00:00,7/31/20,Wisconsin,7/18/2020,8/1/2020,Probable case death,0,0.00
454,93,12,12,0,2020-07-30 00:00:00,7/30/20,Wisconsin,7/17/2020,7/31/2020,Probable case death,0,0.00
455,93,5,5,0,2020-07-29 00:00:00,7/29/20,Wisconsin,7/16/2020,7/30/2020,Probable case death,0,0.00
456,93,9,9,0,2020-07-28 00:00:00,7/28/20,Wisconsin,7/15/2020,7/29/2020,Probable case death,0,0.00
457,93,5,5,0,2020-07-27 00:00:00,7/27/20,Wisconsin,7/14/2020,7/28/2020,Probable case death,0,0.00
458,93,8,8,0,2020-07-26 00:00:00,7/26/20,Wisconsin,7/13/2020,7/27/2020,Probable case death,0,0.00
459,93,6,6,0,2020-07-25 00:00:00,7/25/20,Wisconsin,7/12/2020,7/26/2020,Probable case death,0,0.00
460,93,7,7,0,2020-07-24 00:00:00,7/24/20,Wisconsin,7/11/2020,7/25/2020,Probable case death,0,0.00
461,93,8,8,0,2020-07-23 00:00:00,7/23/20,Wisconsin,7/10/2020,7/24/2020,Probable case death,0,0.00
462,93,10,10,0,2020-07-22 00:00:00,7/22/20,Wisconsin,7/9/2020,7/23/2020,Probable case death,0,0.00
463,93,7,7,0,2020-07-21 00:00:00,7/21/20,Wisconsin,7/8/2020,7/22/2020,Probable case death,0,0.00
464,93,10,10,0,2020-07-20 00:00:00,7/20/20,Wisconsin,7/7/2020,7/21/2020,Probable case death,0,0.00
465,93,8,8,0,2020-07-19 00:00:00,7/19/20,Wisconsin,7/6/2020,7/20/2020,Probable case death,0,0.00
466,93,4,4,0,2020-07-18 00:00:00,7/18/20,Wisconsin,7/5/2020,7/19/2020,Probable case death,0,0.00
467,93,6,6,0,2020-07-17 00:00:00,7/17/20,Wisconsin,7/4/2020,7/18/2020,Probable case death,0,0.00
468,93,4,4,0,2020-07-16 00:00:00,7/16/20,Wisconsin,7/3/2020,7/17/2020,Probable case death,0,0.00
469,93,7,7,0,2020-07-15 00:00:00,7/15/20,Wisconsin,7/2/2020,7/16/2020,Probable case death,0,0.00
470,93,2,2,0,2020-07-14 00:00:00,7/14/20,Wisconsin,7/1/2020,7/15/2020,Probable case death,0,0.00
471,93,7,7,0,2020-07-13 00:00:00,7/13/20,Wisconsin,6/30/2020,7/14/2020,Probable case death,0,0.00
472,93,2,2,0,2020-07-12 00:00:00,7/12/20,Wisconsin,6/29/2020,7/13/2020,Probable case death,0,0.00
473,93,2,2,0,2020-07-11 00:00:00,7/11/20,Wisconsin,6/28/2020,7/12/2020,Probable case death,0,0.00
474,93,4,4,0,2020-07-10 00:00:00,7/10/20,Wisconsin,6/27/2020,7/11/2020,Probable case death,0,0.00
475,93,3,3,0,2020-07-09 00:00:00,7/9/20,Wisconsin,6/26/2020,7/10/2020,Probable case death,0,0.00
476,93,4,4,0,2020-07-08 00:00:00,7/8/20,Wisconsin,6/25/2020,7/9/2020,Probable case death,0,0.00
477,93,2,2,0,2020-07-07 00:00:00,7/7/20,Wisconsin,6/24/2020,7/8/2020,Probable case death,0,0.00
478,93,3,3,0,2020-07-06 00:00:00,7/6/20,Wisconsin,6/23/2020,7/7/2020,Probable case death,0,0.00
479,93,2,2,0,2020-07-05 00:00:00,7/5/20,Wisconsin,6/22/2020,7/6/2020,Probable case death,0,0.00
480,93,2,2,0,2020-07-04 00:00:00,7/4/20,Wisconsin,6/21/2020,7/5/2020,Probable case death,0,0.00
481,93,3,3,0,2020-07-03 00:00:00,7/3/20,Wisconsin,6/20/2020,7/4/2020,Probable case death,0,0.00
482,93,4,4,0,2020-07-02 00:00:00,7/2/20,Wisconsin,6/19/2020,7/3/2020,Probable case death,0,0.00
483,93,4,4,0,2020-07-01 00:00:00,7/1/20,Wisconsin,6/18/2020,7/2/2020,Probable case death,0,0.00
484,93,1,1,0,2020-06-30 00:00:00,6/30/20,Wisconsin,6/17/2020,7/1/2020,Probable case death,0,0.00
485,93,2,2,0,2020-06-29 00:00:00,6/29/20,Wisconsin,6/16/2020,6/30/2020,Probable case death,0,0.00
486,93,6,6,0,2020-06-28 00:00:00,6/28/20,Wisconsin,6/15/2020,6/29/2020,Probable case death,0,0.00
487,93,7,7,0,2020-06-27 00:00:00,6/27/20,Wisconsin,6/14/2020,6/28/2020,Probable case death,0,0.00
488,93,3,3,0,2020-06-26 00:00:00,6/26/20,Wisconsin,6/13/2020,6/27/2020,Probable case death,0,0.00
489,93,4,4,0,2020-06-25 00:00:00,6/25/20,Wisconsin,6/12/2020,6/26/2020,Probable case death,0,0.00
490,93,6,6,0,2020-06-24 00:00:00,6/24/20,Wisconsin,6/11/2020,6/25/2020,Probable case death,0,0.00
491,93,3,3,0,2020-06-23 00:00:00,6/23/20,Wisconsin,6/10/2020,6/24/2020,Probable case death,0,0.00
492,93,4,4,0,2020-06-22 00:00:00,6/22/20,Wisconsin,6/9/2020,6/23/2020,Probable case death,0,0.00
493,93,8,8,0,2020-06-21 00:00:00,6/21/20,Wisconsin,6/8/2020,6/22/2020,Probable case death,0,0.00
494,93,3,3,0,2020-06-20 00:00:00,6/20/20,Wisconsin,6/7/2020,6/21/2020,Probable case death,0,0.00
495,93,2,2,0,2020-06-19 00:00:00,6/19/20,Wisconsin,6/6/2020,6/20/2020,Probable case death,0,0.00
496,93,4,4,0,2020-06-18 00:00:00,6/18/20,Wisconsin,6/5/2020,6/19/2020,Probable case death,0,0.00
497,93,9,8,1,2020-06-17 00:00:00,6/17/20,Wisconsin,6/4/2020,6/18/2020,Probable case death,1,1.00
498,93,6,6,0,2020-06-16 00:00:00,6/16/20,Wisconsin,6/3/2020,6/17/2020,Probable case death,0,0.00
499,93,8,8,0,2020-06-15 00:00:00,6/15/20,Wisconsin,6/2/2020,6/16/2020,Probable case death,0,0.00
500,93,6,6,0,2020-06-14 00:00:00,6/14/20,Wisconsin,6/1/2020,6/15/2020,Probable case death,0,0.00
501,93,5,5,0,2020-06-13 00:00:00,6/13/20,Wisconsin,5/31/2020,6/14/2020,Probable case death,0,0.00
502,93,8,8,0,2020-06-12 00:00:00,6/12/20,Wisconsin,5/30/2020,6/13/2020,Probable case death,0,0.00
503,93,5,5,0,2020-06-11 00:00:00,6/11/20,Wisconsin,5/29/2020,6/12/2020,Probable case death,0,0.00
504,93,12,12,0,2020-06-10 00:00:00,6/10/20,Wisconsin,5/28/2020,6/11/2020,Probable case death,0,0.00
505,93,5,5,0,2020-06-09 00:00:00,6/9/20,Wisconsin,5/27/2020,6/10/2020,Probable case death,0,0.00
506,93,4,4,0,2020-06-08 00:00:00,6/8/20,Wisconsin,5/26/2020,6/9/2020,Probable case death,0,0.00
507,93,5,5,0,2020-06-07 00:00:00,6/7/20,Wisconsin,5/25/2020,6/8/2020,Probable case death,0,0.00
508,93,3,3,0,2020-06-06 00:00:00,6/6/20,Wisconsin,5/24/2020,6/7/2020,Probable case death,0,0.00
509,93,14,14,0,2020-06-05 00:00:00,6/5/20,Wisconsin,5/23/2020,6/6/2020,Probable case death,0,0.00
510,93,6,6,0,2020-06-04 00:00:00,6/4/20,Wisconsin,5/22/2020,6/5/2020,Probable case death,0,0.00
511,93,6,6,0,2020-06-03 00:00:00,6/3/20,Wisconsin,5/21/2020,6/4/2020,Probable case death,0,0.00
512,93,5,5,0,2020-06-02 00:00:00,6/2/20,Wisconsin,5/20/2020,6/3/2020,Probable case death,0,0.00
513,93,6,6,0,2020-06-01 00:00:00,6/1/20,Wisconsin,5/19/2020,6/2/2020,Probable case death,0,0.00
514,93,5,5,0,2020-05-31 00:00:00,5/31/20,Wisconsin,5/18/2020,6/1/2020,Probable case death,0,0.00
515,93,11,11,0,2020-05-30 00:00:00,5/30/20,Wisconsin,5/17/2020,5/31/2020,Probable case death,0,0.00
516,93,13,13,0,2020-05-29 00:00:00,5/29/20,Wisconsin,5/16/2020,5/30/2020,Probable case death,0,0.00
517,93,16,16,0,2020-05-28 00:00:00,5/28/20,Wisconsin,5/15/2020,5/29/2020,Probable case death,0,0.00
518,93,12,12,0,2020-05-27 00:00:00,5/27/20,Wisconsin,5/14/2020,5/28/2020,Probable case death,0,0.00
519,93,16,15,1,2020-05-26 00:00:00,5/26/20,Wisconsin,5/13/2020,5/27/2020,Probable case death,1,1.00
520,93,15,15,0,2020-05-25 00:00:00,5/25/20,Wisconsin,5/12/2020,5/26/2020,Probable case death,0,0.00
521,93,9,9,0,2020-05-24 00:00:00,5/24/20,Wisconsin,5/11/2020,5/25/2020,Probable case death,0,0.00
522,93,13,13,0,2020-05-23 00:00:00,5/23/20,Wisconsin,5/10/2020,5/24/2020,Probable case death,0,0.00
523,93,10,10,0,2020-05-22 00:00:00,5/22/20,Wisconsin,5/9/2020,5/23/2020,Probable case death,0,0.00
524,93,10,10,0,2020-05-21 00:00:00,5/21/20,Wisconsin,5/8/2020,5/22/2020,Probable case death,0,0.00
525,93,12,12,0,2020-05-20 00:00:00,5/20/20,Wisconsin,5/7/2020,5/21/2020,Probable case death,0,0.00
526,93,8,8,0,2020-05-19 00:00:00,5/19/20,Wisconsin,5/6/2020,5/20/2020,Probable case death,0,0.00
527,93,7,7,0,2020-05-18 00:00:00,5/18/20,Wisconsin,5/5/2020,5/19/2020,Probable case death,0,0.00
528,93,8,8,0,2020-05-17 00:00:00,5/17/20,Wisconsin,5/4/2020,5/18/2020,Probable case death,0,0.00
529,93,5,5,0,2020-05-16 00:00:00,5/16/20,Wisconsin,5/3/2020,5/17/2020,Probable case death,0,0.00
530,93,5,5,0,2020-05-15 00:00:00,5/15/20,Wisconsin,5/2/2020,5/16/2020,Probable case death,0,0.00
531,93,10,10,0,2020-05-14 00:00:00,5/14/20,Wisconsin,5/1/2020,5/15/2020,Probable case death,0,0.00
532,93,6,6,0,2020-05-13 00:00:00,5/13/20,Wisconsin,4/30/2020,5/14/2020,Probable case death,0,0.00
533,93,10,10,0,2020-05-12 00:00:00,5/12/20,Wisconsin,4/29/2020,5/13/2020,Probable case death,0,0.00
534,93,5,5,0,2020-05-11 00:00:00,5/11/20,Wisconsin,4/28/2020,5/12/2020,Probable case death,0,0.00
535,93,13,13,0,2020-05-10 00:00:00,5/10/20,Wisconsin,4/27/2020,5/11/2020,Probable case death,0,0.00
536,93,6,6,0,2020-05-09 00:00:00,5/9/20,Wisconsin,4/26/2020,5/10/2020,Probable case death,0,0.00
537,93,15,15,0,2020-05-08 00:00:00,5/8/20,Wisconsin,4/25/2020,5/9/2020,Probable case death,0,0.00
538,93,8,8,0,2020-05-07 00:00:00,5/7/20,Wisconsin,4/24/2020,5/8/2020,Probable case death,0,0.00
539,93,4,4,0,2020-05-06 00:00:00,5/6/20,Wisconsin,4/23/2020,5/7/2020,Probable case death,0,0.00
540,93,10,10,0,2020-05-05 00:00:00,5/5/20,Wisconsin,4/22/2020,5/6/2020,Probable case death,0,0.00
541,93,7,7,0,2020-05-04 00:00:00,5/4/20,Wisconsin,4/21/2020,5/5/2020,Probable case death,0,0.00
542,93,11,10,1,2020-05-03 00:00:00,5/3/20,Wisconsin,4/20/2020,5/4/2020,Probable case death,1,1.00
543,93,7,7,0,2020-05-02 00:00:00,5/2/20,Wisconsin,4/19/2020,5/3/2020,Probable case death,0,0.00
544,93,10,10,0,2020-05-01 00:00:00,5/1/20,Wisconsin,4/18/2020,5/2/2020,Probable case death,0,0.00
545,93,5,5,0,2020-04-30 00:00:00,4/30/20,Wisconsin,4/17/2020,5/1/2020,Probable case death,0,0.00
546,93,13,13,0,2020-04-29 00:00:00,4/29/20,Wisconsin,4/16/2020,4/30/2020,Probable case death,0,0.00
547,93,18,18,0,2020-04-28 00:00:00,4/28/20,Wisconsin,4/15/2020,4/29/2020,Probable case death,0,0.00
548,93,10,10,0,2020-04-27 00:00:00,4/27/20,Wisconsin,4/14/2020,4/28/2020,Probable case death,0,0.00
549,93,11,11,0,2020-04-26 00:00:00,4/26/20,Wisconsin,4/13/2020,4/27/2020,Probable case death,0,0.00
550,93,8,8,0,2020-04-25 00:00:00,4/25/20,Wisconsin,4/12/2020,4/26/2020,Probable case death,0,0.00
551,93,9,8,1,2020-04-24 00:00:00,4/24/20,Wisconsin,4/11/2020,4/25/2020,Probable case death,1,1.00
552,93,5,5,0,2020-04-23 00:00:00,4/23/20,Wisconsin,4/10/2020,4/24/2020,Probable case death,0,0.00
553,93,8,8,0,2020-04-22 00:00:00,4/22/20,Wisconsin,4/9/2020,4/23/2020,Probable case death,0,0.00
554,93,7,7,0,2020-04-21 00:00:00,4/21/20,Wisconsin,4/8/2020,4/22/2020,Probable case death,0,0.00
555,93,4,4,0,2020-04-20 00:00:00,4/20/20,Wisconsin,4/7/2020,4/21/2020,Probable case death,0,0.00
556,93,9,9,0,2020-04-19 00:00:00,4/19/20,Wisconsin,4/6/2020,4/20/2020,Probable case death,0,0.00
557,93,16,16,0,2020-04-18 00:00:00,4/18/20,Wisconsin,4/5/2020,4/19/2020,Probable case death,0,0.00
558,93,8,8,0,2020-04-17 00:00:00,4/17/20,Wisconsin,4/4/2020,4/18/2020,Probable case death,0,0.00
559,93,11,11,0,2020-04-16 00:00:00,4/16/20,Wisconsin,4/3/2020,4/17/2020,Probable case death,0,0.00
560,93,10,10,0,2020-04-15 00:00:00,4/15/20,Wisconsin,4/2/2020,4/16/2020,Probable case death,0,0.00
561,93,9,9,0,2020-04-14 00:00:00,4/14/20,Wisconsin,4/1/2020,4/15/2020,Probable case death,0,0.00
562,93,12,12,0,2020-04-13 00:00:00,4/13/20,Wisconsin,3/31/2020,4/14/2020,Probable case death,0,0.00
563,93,6,6,0,2020-04-12 00:00:00,4/12/20,Wisconsin,3/30/2020,4/13/2020,Probable case death,0,0.00
564,93,13,13,0,2020-04-11 00:00:00,4/11/20,Wisconsin,3/29/2020,4/12/2020,Probable case death,0,0.00
565,93,10,10,0,2020-04-10 00:00:00,4/10/20,Wisconsin,3/28/2020,4/11/2020,Probable case death,0,0.00
566,93,14,14,0,2020-04-09 00:00:00,4/9/20,Wisconsin,3/27/2020,4/10/2020,Probable case death,0,0.00
567,93,17,17,0,2020-04-08 00:00:00,4/8/20,Wisconsin,3/26/2020,4/9/2020,Probable case death,0,0.00
568,93,7,7,0,2020-04-07 00:00:00,4/7/20,Wisconsin,3/25/2020,4/8/2020,Probable case death,0,0.00
569,93,10,10,0,2020-04-06 00:00:00,4/6/20,Wisconsin,3/24/2020,4/7/2020,Probable case death,0,0.00
570,93,4,4,0,2020-04-05 00:00:00,4/5/20,Wisconsin,3/23/2020,4/6/2020,Probable case death,0,0.00
571,93,16,16,0,2020-04-04 00:00:00,4/4/20,Wisconsin,3/22/2020,4/5/2020,Probable case death,0,0.00
572,93,19,18,1,2020-04-03 00:00:00,4/3/20,Wisconsin,3/21/2020,4/4/2020,Probable case death,1,1.00
573,93,13,13,0,2020-04-02 00:00:00,4/2/20,Wisconsin,3/20/2020,4/3/2020,Probable case death,0,0.00
574,93,11,11,0,2020-04-01 00:00:00,4/1/20,Wisconsin,3/19/2020,4/2/2020,Probable case death,0,0.00
575,93,8,8,0,2020-03-31 00:00:00,3/31/20,Wisconsin,3/18/2020,4/1/2020,Probable case death,0,0.00
576,93,6,5,1,2020-03-30 00:00:00,3/30/20,Wisconsin,3/17/2020,3/31/2020,Probable case death,1,1.00
577,93,7,7,0,2020-03-29 00:00:00,3/29/20,Wisconsin,3/16/2020,3/30/2020,Probable case death,0,0.00
578,93,3,3,0,2020-03-28 00:00:00,3/28/20,Wisconsin,3/15/2020,3/29/2020,Probable case death,0,0.00
579,93,2,1,1,2020-03-27 00:00:00,3/27/20,Wisconsin,3/14/2020,3/28/2020,Probable case death,1,1.00
580,93,7,6,1,2020-03-26 00:00:00,3/26/20,Wisconsin,3/13/2020,3/27/2020,Probable case death,1,1.00
581,93,4,4,0,2020-03-25 00:00:00,3/25/20,Wisconsin,3/12/2020,3/26/2020,Probable case death,0,0.00
582,93,2,2,0,2020-03-24 00:00:00,3/24/20,Wisconsin,3/11/2020,3/25/2020,Probable case death,0,0.00
583,93,0,0,0,2020-03-23 00:00:00,3/23/20,Wisconsin,3/10/2020,3/24/2020,Probable case death,0,0.00
584,93,0,0,0,2020-03-22 00:00:00,3/22/20,Wisconsin,3/9/2020,3/23/2020,Probable case death,0,0.00
585,93,0,0,0,2020-03-21 00:00:00,3/21/20,Wisconsin,3/8/2020,3/22/2020,Probable case death,0,0.00
586,93,1,1,0,2020-03-20 00:00:00,3/20/20,Wisconsin,3/7/2020,3/21/2020,Probable case death,0,0.00
587,93,3,3,0,2020-03-19 00:00:00,3/19/20,Wisconsin,3/6/2020,3/20/2020,Probable case death,0,0.00
588,93,0,0,0,2020-03-18 00:00:00,3/18/20,Wisconsin,3/5/2020,3/19/2020,Probable case death,0,0.00
589,93,0,0,0,2020-03-17 00:00:00,3/17/20,Wisconsin,3/4/2020,3/18/2020,Probable case death,0,0.00
590,93,0,0,0,2020-03-16 00:00:00,3/16/20,Wisconsin,3/3/2020,3/17/2020,Probable case death,0,0.00
591,93,0,0,0,2020-03-15 00:00:00,3/15/20,Wisconsin,3/2/2020,3/16/2020,Probable case death,0,0.00
592,93,0,0,0,2020-03-14 00:00:00,3/14/20,Wisconsin,3/1/2020,3/15/2020,Probable case death,0,0.00
593,93,0,0,0,2020-03-13 00:00:00,3/13/20,Wisconsin,2/29/2020,3/14/2020,Probable case death,0,0.00
594,93,0,0,0,2020-03-12 00:00:00,3/12/20,Wisconsin,2/28/2020,3/13/2020,Probable case death,0,0.00
595,93,0,0,0,2020-03-11 00:00:00,3/11/20,Wisconsin,2/27/2020,3/12/2020,Probable case death,0,0.00
596,93,0,0,0,2020-03-10 00:00:00,3/10/20,Wisconsin,2/26/2020,3/11/2020,Probable case death,0,0.00
597,93,0,0,0,2020-03-09 00:00:00,3/9/20,Wisconsin,2/25/2020,3/10/2020,Probable case death,0,0.00
598,93,0,0,0,2020-03-08 00:00:00,3/8/20,Wisconsin,2/24/2020,3/9/2020,Probable case death,0,0.00
599,93,0,0,0,2020-03-07 00:00:00,3/7/20,Wisconsin,2/23/2020,3/8/2020,Probable case death,0,0.00
600,93,0,0,0,2020-03-06 00:00:00,3/6/20,Wisconsin,2/22/2020,3/7/2020,Probable case death,0,0.00
601,93,0,0,0,2020-03-05 00:00:00,3/5/20,Wisconsin,2/21/2020,3/6/2020,Probable case death,0,0.00
602,93,0,0,0,2020-03-04 00:00:00,3/4/20,Wisconsin,2/20/2020,3/5/2020,Probable case death,0,0.00
603,93,0,0,0,2020-03-03 00:00:00,3/3/20,Wisconsin,2/19/2020,3/4/2020,Probable case death,0,0.00
604,93,0,0,0,2020-03-02 00:00:00,3/2/20,Wisconsin,2/18/2020,3/3/2020,Probable case death,0,0.00
605,93,0,0,0,2020-03-01 00:00:00,3/1/20,Wisconsin,2/17/2020,3/2/2020,Probable case death,0,0.00
606,93,0,0,0,2020-02-29 00:00:00,2/29/20,Wisconsin,2/16/2020,3/1/2020,Probable case death,0,0.00
607,93,0,0,0,2020-02-28 00:00:00,2/28/20,Wisconsin,2/15/2020,2/29/2020,Probable case death,0,0.00
608,93,0,0,0,2020-02-27 00:00:00,2/27/20,Wisconsin,2/14/2020,2/28/2020,Probable case death,0,0.00
609,93,0,0,0,2020-02-26 00:00:00,2/26/20,Wisconsin,2/13/2020,2/27/2020,Probable case death,0,0.00
610,93,0,0,0,2020-02-25 00:00:00,2/25/20,Wisconsin,2/12/2020,2/26/2020,Probable case death,0,0.00
611,93,0,0,0,2020-02-24 00:00:00,2/24/20,Wisconsin,2/11/2020,2/25/2020,Probable case death,0,0.00
612,93,0,0,0,2020-02-23 00:00:00,2/23/20,Wisconsin,2/10/2020,2/24/2020,Probable case death,0,0.00
613,93,0,0,0,2020-02-22 00:00:00,2/22/20,Wisconsin,2/9/2020,2/23/2020,Probable case death,0,0.00
614,93,0,0,0,2020-02-21 00:00:00,2/21/20,Wisconsin,2/8/2020,2/22/2020,Probable case death,0,0.00
615,93,0,0,0,2020-02-20 00:00:00,2/20/20,Wisconsin,2/7/2020,2/21/2020,Probable case death,0,0.00
616,93,0,0,0,2020-02-19 00:00:00,2/19/20,Wisconsin,2/6/2020,2/20/2020,Probable case death,0,0.00
617,93,0,0,0,2020-02-18 00:00:00,2/18/20,Wisconsin,2/5/2020,2/19/2020,Probable case death,0,0.00
618,93,0,0,0,2020-02-17 00:00:00,2/17/20,Wisconsin,2/4/2020,2/18/2020,Probable case death,0,0.00
619,93,0,0,0,2020-02-16 00:00:00,2/16/20,Wisconsin,2/3/2020,2/17/2020,Probable case death,0,0.00
620,93,0,0,0,2020-02-15 00:00:00,2/15/20,Wisconsin,2/2/2020,2/16/2020,Probable case death,0,0.00
621,93,0,0,0,2020-02-14 00:00:00,2/14/20,Wisconsin,2/1/2020,2/15/2020,Probable case death,0,0.00
622,93,0,0,0,2020-02-13 00:00:00,2/13/20,Wisconsin,1/31/2020,2/14/2020,Probable case death,0,0.00
623,93,0,0,0,2020-02-12 00:00:00,2/12/20,Wisconsin,1/30/2020,2/13/2020,Probable case death,0,0.00
624,93,0,0,0,2020-02-11 00:00:00,2/11/20,Wisconsin,1/29/2020,2/12/2020,Probable case death,0,0.00
625,93,0,0,0,2020-02-10 00:00:00,2/10/20,Wisconsin,1/28/2020,2/11/2020,Probable case death,0,0.00
626,93,0,0,0,2020-02-09 00:00:00,2/9/20,Wisconsin,1/27/2020,2/10/2020,Probable case death,0,0.00
627,93,0,0,0,2020-02-08 00:00:00,2/8/20,Wisconsin,1/26/2020,2/9/2020,Probable case death,0,0.00
628,93,0,0,0,2020-02-07 00:00:00,2/7/20,Wisconsin,1/25/2020,2/8/2020,Probable case death,0,0.00
629,93,0,0,0,2020-02-06 00:00:00,2/6/20,Wisconsin,1/24/2020,2/7/2020,Probable case death,0,0.00
630,93,0,0,0,2020-02-05 00:00:00,2/5/20,Wisconsin,1/23/2020,2/6/2020,Probable case death,0,0.00
631,93,0,0,0,2020-02-04 00:00:00,2/4/20,Wisconsin,1/22/2020,2/5/2020,Probable case death,0,0.00
632,93,0,0,0,2020-02-03 00:00:00,2/3/20,Wisconsin,1/21/2020,2/4/2020,Probable case death,0,0.00
633,93,0,0,0,2020-02-02 00:00:00,2/2/20,Wisconsin,1/20/2020,2/3/2020,Probable case death,0,0.00
634,93,0,0,0,2020-02-01 00:00:00,2/1/20,Wisconsin,1/19/2020,2/2/2020,Probable case death,0,0.00
635,93,0,0,0,2020-01-31 00:00:00,1/31/20,Wisconsin,1/18/2020,2/1/2020,Probable case death,0,0.00
636,93,0,0,0,2020-01-30 00:00:00,1/30/20,Wisconsin,1/17/2020,1/31/2020,Probable case death,0,0.00
637,93,0,0,0,2020-01-29 00:00:00,1/29/20,Wisconsin,1/16/2020,1/30/2020,Probable case death,0,0.00
638,93,0,0,0,2020-01-28 00:00:00,1/28/20,Wisconsin,1/15/2020,1/29/2020,Probable case death,0,0.00
639,93,0,0,0,2020-01-27 00:00:00,1/27/20,Wisconsin,1/14/2020,1/28/2020,Probable case death,0,0.00
640,93,0,0,0,2020-01-26 00:00:00,1/26/20,Wisconsin,1/13/2020,1/27/2020,Probable case death,0,0.00
641,93,0,0,0,2020-01-25 00:00:00,1/25/20,Wisconsin,1/12/2020,1/26/2020,Probable case death,0,0.00
642,93,0,0,0,2020-01-24 00:00:00,1/24/20,Wisconsin,1/11/2020,1/25/2020,Probable case death,0,0.00
643,93,0,0,0,2020-01-23 00:00:00,1/23/20,Wisconsin,1/10/2020,1/24/2020,Probable case death,0,0.00
644,93,1,0,1,2020-01-22 00:00:00,1/22/20,Wisconsin,1/9/2020,1/23/2020,Probable case death,1,1.00
645,93,1,1,0,2021-10-27 00:00:00,10/27/21,Wisconsin,10/14/2021,10/28/2021,Confirmed case death,1,1.00
646,93,6,6,0,2021-10-26 00:00:00,10/26/21,Wisconsin,10/13/2021,10/27/2021,Confirmed case death,6,6.00
647,93,10,9,1,2021-10-25 00:00:00,10/25/21,Wisconsin,10/12/2021,10/26/2021,Confirmed case death,9,9.00
648,93,7,6,1,2021-10-24 00:00:00,10/24/21,Wisconsin,10/11/2021,10/25/2021,Confirmed case death,6,6.00
649,93,9,9,0,2021-10-23 00:00:00,10/23/21,Wisconsin,10/10/2021,10/24/2021,Confirmed case death,9,9.00
650,93,6,6,0,2021-10-22 00:00:00,10/22/21,Wisconsin,10/9/2021,10/23/2021,Confirmed case death,6,6.00
651,93,9,8,1,2021-10-21 00:00:00,10/21/21,Wisconsin,10/8/2021,10/22/2021,Confirmed case death,8,8.00
652,93,13,11,2,2021-10-20 00:00:00,10/20/21,Wisconsin,10/7/2021,10/21/2021,Confirmed case death,11,11.00
653,93,11,10,1,2021-10-19 00:00:00,10/19/21,Wisconsin,10/6/2021,10/20/2021,Confirmed case death,10,10.00
654,93,10,10,0,2021-10-18 00:00:00,10/18/21,Wisconsin,10/5/2021,10/19/2021,Confirmed case death,10,10.00
655,93,10,10,0,2021-10-17 00:00:00,10/17/21,Wisconsin,10/4/2021,10/18/2021,Confirmed case death,10,10.00
656,93,9,9,0,2021-10-16 00:00:00,10/16/21,Wisconsin,10/3/2021,10/17/2021,Confirmed case death,9,9.00
657,93,13,13,0,2021-10-15 00:00:00,10/15/21,Wisconsin,10/2/2021,10/16/2021,Confirmed case death,13,13.00
658,93,8,7,1,2021-10-14 00:00:00,10/14/21,Wisconsin,10/1/2021,10/15/2021,Confirmed case death,7,7.00
659,93,12,12,0,2021-10-13 00:00:00,10/13/21,Wisconsin,9/30/2021,10/14/2021,Confirmed case death,12,12.00
660,93,18,18,0,2021-10-12 00:00:00,10/12/21,Wisconsin,9/29/2021,10/13/2021,Confirmed case death,18,18.00
661,93,16,15,1,2021-10-11 00:00:00,10/11/21,Wisconsin,9/28/2021,10/12/2021,Confirmed case death,15,15.00
662,93,14,13,1,2021-10-10 00:00:00,10/10/21,Wisconsin,9/27/2021,10/11/2021,Confirmed case death,13,13.00
663,93,16,14,2,2021-10-09 00:00:00,10/9/21,Wisconsin,9/26/2021,10/10/2021,Confirmed case death,14,14.00
664,93,16,15,1,2021-10-08 00:00:00,10/8/21,Wisconsin,9/25/2021,10/9/2021,Confirmed case death,15,15.00
665,93,20,19,1,2021-10-07 00:00:00,10/7/21,Wisconsin,9/24/2021,10/8/2021,Confirmed case death,19,19.00
666,93,18,17,1,2021-10-06 00:00:00,10/6/21,Wisconsin,9/23/2021,10/7/2021,Confirmed case death,17,17.00
667,93,11,11,0,2021-10-05 00:00:00,10/5/21,Wisconsin,9/22/2021,10/6/2021,Confirmed case death,11,11.00
668,93,11,11,0,2021-10-04 00:00:00,10/4/21,Wisconsin,9/21/2021,10/5/2021,Confirmed case death,11,11.00
669,93,12,12,0,2021-10-03 00:00:00,10/3/21,Wisconsin,9/20/2021,10/4/2021,Confirmed case death,12,12.00
670,93,15,11,4,2021-10-02 00:00:00,10/2/21,Wisconsin,9/19/2021,10/3/2021,Confirmed case death,11,11.00
671,93,9,8,1,2021-10-01 00:00:00,10/1/21,Wisconsin,9/18/2021,10/2/2021,Confirmed case death,8,8.00
672,93,11,10,1,2021-09-30 00:00:00,9/30/21,Wisconsin,9/17/2021,10/1/2021,Confirmed case death,10,10.00
673,93,20,19,1,2021-09-29 00:00:00,9/29/21,Wisconsin,9/16/2021,9/30/2021,Confirmed case death,19,19.00
674,93,13,12,1,2021-09-28 00:00:00,9/28/21,Wisconsin,9/15/2021,9/29/2021,Confirmed case death,12,12.00
675,93,19,14,5,2021-09-27 00:00:00,9/27/21,Wisconsin,9/14/2021,9/28/2021,Confirmed case death,14,14.00
676,93,15,14,1,2021-09-26 00:00:00,9/26/21,Wisconsin,9/13/2021,9/27/2021,Confirmed case death,14,14.00
677,93,14,14,0,2021-09-25 00:00:00,9/25/21,Wisconsin,9/12/2021,9/26/2021,Confirmed case death,14,14.00
678,93,20,20,0,2021-09-24 00:00:00,9/24/21,Wisconsin,9/11/2021,9/25/2021,Confirmed case death,20,20.00
679,93,8,7,1,2021-09-23 00:00:00,9/23/21,Wisconsin,9/10/2021,9/24/2021,Confirmed case death,7,7.00
680,93,12,11,1,2021-09-22 00:00:00,9/22/21,Wisconsin,9/9/2021,9/23/2021,Confirmed case death,11,11.00
681,93,16,16,0,2021-09-21 00:00:00,9/21/21,Wisconsin,9/8/2021,9/22/2021,Confirmed case death,16,16.00
682,93,14,13,1,2021-09-20 00:00:00,9/20/21,Wisconsin,9/7/2021,9/21/2021,Confirmed case death,13,13.00
683,93,18,17,1,2021-09-19 00:00:00,9/19/21,Wisconsin,9/6/2021,9/20/2021,Confirmed case death,17,17.00
684,93,14,13,1,2021-09-18 00:00:00,9/18/21,Wisconsin,9/5/2021,9/19/2021,Confirmed case death,13,13.00
685,93,15,14,1,2021-09-17 00:00:00,9/17/21,Wisconsin,9/4/2021,9/18/2021,Confirmed case death,14,14.00
686,93,10,10,0,2021-09-16 00:00:00,9/16/21,Wisconsin,9/3/2021,9/17/2021,Confirmed case death,10,10.00
687,93,15,14,1,2021-09-15 00:00:00,9/15/21,Wisconsin,9/2/2021,9/16/2021,Confirmed case death,14,14.00
688,93,10,9,1,2021-09-14 00:00:00,9/14/21,Wisconsin,9/1/2021,9/15/2021,Confirmed case death,9,9.00
689,93,16,15,1,2021-09-13 00:00:00,9/13/21,Wisconsin,8/31/2021,9/14/2021,Confirmed case death,15,15.00
690,93,18,18,0,2021-09-12 00:00:00,9/12/21,Wisconsin,8/30/2021,9/13/2021,Confirmed case death,18,18.00
691,93,14,14,0,2021-09-11 00:00:00,9/11/21,Wisconsin,8/29/2021,9/12/2021,Confirmed case death,14,14.00
692,93,12,11,1,2021-09-10 00:00:00,9/10/21,Wisconsin,8/28/2021,9/11/2021,Confirmed case death,11,11.00
693,93,19,18,1,2021-09-09 00:00:00,9/9/21,Wisconsin,8/27/2021,9/10/2021,Confirmed case death,18,18.00
694,93,16,14,2,2021-09-08 00:00:00,9/8/21,Wisconsin,8/26/2021,9/9/2021,Confirmed case death,14,14.00
695,93,17,14,3,2021-09-07 00:00:00,9/7/21,Wisconsin,8/25/2021,9/8/2021,Confirmed case death,14,14.00
696,93,6,5,1,2021-09-06 00:00:00,9/6/21,Wisconsin,8/24/2021,9/7/2021,Confirmed case death,5,5.00
697,93,16,16,0,2021-09-05 00:00:00,9/5/21,Wisconsin,8/23/2021,9/6/2021,Confirmed case death,16,16.00
698,93,15,15,0,2021-09-04 00:00:00,9/4/21,Wisconsin,8/22/2021,9/5/2021,Confirmed case death,15,15.00
699,93,11,10,1,2021-09-03 00:00:00,9/3/21,Wisconsin,8/21/2021,9/4/2021,Confirmed case death,10,10.00
700,93,15,14,1,2021-09-02 00:00:00,9/2/21,Wisconsin,8/20/2021,9/3/2021,Confirmed case death,14,14.00
701,93,19,18,1,2021-09-01 00:00:00,9/1/21,Wisconsin,8/19/2021,9/2/2021,Confirmed case death,18,18.00
702,93,9,7,2,2021-08-31 00:00:00,8/31/21,Wisconsin,8/18/2021,9/1/2021,Confirmed case death,7,7.00
703,93,13,10,3,2021-08-30 00:00:00,8/30/21,Wisconsin,8/17/2021,8/31/2021,Confirmed case death,10,10.00
704,93,17,16,1,2021-08-29 00:00:00,8/29/21,Wisconsin,8/16/2021,8/30/2021,Confirmed case death,16,16.00
705,93,12,9,3,2021-08-28 00:00:00,8/28/21,Wisconsin,8/15/2021,8/29/2021,Confirmed case death,9,9.00
706,93,15,15,0,2021-08-27 00:00:00,8/27/21,Wisconsin,8/14/2021,8/28/2021,Confirmed case death,15,15.00
707,93,15,14,1,2021-08-26 00:00:00,8/26/21,Wisconsin,8/13/2021,8/27/2021,Confirmed case death,14,14.00
708,93,12,11,1,2021-08-25 00:00:00,8/25/21,Wisconsin,8/12/2021,8/26/2021,Confirmed case death,11,11.00
709,93,13,12,1,2021-08-24 00:00:00,8/24/21,Wisconsin,8/11/2021,8/25/2021,Confirmed case death,12,12.00
710,93,22,21,1,2021-08-23 00:00:00,8/23/21,Wisconsin,8/10/2021,8/24/2021,Confirmed case death,21,21.00
711,93,15,13,2,2021-08-22 00:00:00,8/22/21,Wisconsin,8/9/2021,8/23/2021,Confirmed case death,13,13.00
712,93,5,5,0,2021-08-21 00:00:00,8/21/21,Wisconsin,8/8/2021,8/22/2021,Confirmed case death,5,5.00
713,93,10,10,0,2021-08-20 00:00:00,8/20/21,Wisconsin,8/7/2021,8/21/2021,Confirmed case death,10,10.00
714,93,9,7,2,2021-08-19 00:00:00,8/19/21,Wisconsin,8/6/2021,8/20/2021,Confirmed case death,7,7.00
715,93,17,17,0,2021-08-18 00:00:00,8/18/21,Wisconsin,8/5/2021,8/19/2021,Confirmed case death,17,17.00
716,93,13,10,3,2021-08-17 00:00:00,8/17/21,Wisconsin,8/4/2021,8/18/2021,Confirmed case death,10,10.00
717,93,7,7,0,2021-08-16 00:00:00,8/16/21,Wisconsin,8/3/2021,8/17/2021,Confirmed case death,7,7.00
718,93,17,17,0,2021-08-15 00:00:00,8/15/21,Wisconsin,8/2/2021,8/16/2021,Confirmed case death,17,17.00
719,93,2,2,0,2021-08-14 00:00:00,8/14/21,Wisconsin,8/1/2021,8/15/2021,Confirmed case death,2,2.00
720,93,5,5,0,2021-08-13 00:00:00,8/13/21,Wisconsin,7/31/2021,8/14/2021,Confirmed case death,5,5.00
721,93,6,5,1,2021-08-12 00:00:00,8/12/21,Wisconsin,7/30/2021,8/13/2021,Confirmed case death,5,5.00
722,93,5,5,0,2021-08-11 00:00:00,8/11/21,Wisconsin,7/29/2021,8/12/2021,Confirmed case death,5,5.00
723,93,6,6,0,2021-08-10 00:00:00,8/10/21,Wisconsin,7/28/2021,8/11/2021,Confirmed case death,6,6.00
724,93,6,6,0,2021-08-09 00:00:00,8/9/21,Wisconsin,7/27/2021,8/10/2021,Confirmed case death,6,6.00
725,93,5,5,0,2021-08-08 00:00:00,8/8/21,Wisconsin,7/26/2021,8/9/2021,Confirmed case death,5,5.00
726,93,6,6,0,2021-08-07 00:00:00,8/7/21,Wisconsin,7/25/2021,8/8/2021,Confirmed case death,6,6.00
727,93,3,3,0,2021-08-06 00:00:00,8/6/21,Wisconsin,7/24/2021,8/7/2021,Confirmed case death,3,3.00
728,93,3,3,0,2021-08-05 00:00:00,8/5/21,Wisconsin,7/23/2021,8/6/2021,Confirmed case death,3,3.00
729,93,3,3,0,2021-08-04 00:00:00,8/4/21,Wisconsin,7/22/2021,8/5/2021,Confirmed case death,3,3.00
730,93,3,3,0,2021-08-03 00:00:00,8/3/21,Wisconsin,7/21/2021,8/4/2021,Confirmed case death,3,3.00
731,93,3,3,0,2021-08-02 00:00:00,8/2/21,Wisconsin,7/20/2021,8/3/2021,Confirmed case death,3,3.00
732,93,3,3,0,2021-08-01 00:00:00,8/1/21,Wisconsin,7/19/2021,8/2/2021,Confirmed case death,3,3.00
733,93,0,0,0,2021-07-31 00:00:00,7/31/21,Wisconsin,7/18/2021,8/1/2021,Confirmed case death,0,0.00
734,93,3,3,0,2021-07-30 00:00:00,7/30/21,Wisconsin,7/17/2021,7/31/2021,Confirmed case death,3,3.00
735,93,2,2,0,2021-07-29 00:00:00,7/29/21,Wisconsin,7/16/2021,7/30/2021,Confirmed case death,2,2.00
736,93,1,1,0,2021-07-28 00:00:00,7/28/21,Wisconsin,7/15/2021,7/29/2021,Confirmed case death,1,1.00
737,93,5,4,1,2021-07-27 00:00:00,7/27/21,Wisconsin,7/14/2021,7/28/2021,Confirmed case death,4,4.00
738,93,3,3,0,2021-07-26 00:00:00,7/26/21,Wisconsin,7/13/2021,7/27/2021,Confirmed case death,3,3.00
739,93,0,0,0,2021-07-25 00:00:00,7/25/21,Wisconsin,7/12/2021,7/26/2021,Confirmed case death,0,0.00
740,93,4,4,0,2021-07-24 00:00:00,7/24/21,Wisconsin,7/11/2021,7/25/2021,Confirmed case death,4,4.00
741,93,2,1,1,2021-07-23 00:00:00,7/23/21,Wisconsin,7/10/2021,7/24/2021,Confirmed case death,1,1.00
742,93,0,0,0,2021-07-22 00:00:00,7/22/21,Wisconsin,7/9/2021,7/23/2021,Confirmed case death,0,0.00
743,93,1,1,0,2021-07-21 00:00:00,7/21/21,Wisconsin,7/8/2021,7/22/2021,Confirmed case death,1,1.00
744,93,0,0,0,2021-07-20 00:00:00,7/20/21,Wisconsin,7/7/2021,7/21/2021,Confirmed case death,0,0.00
745,93,0,0,0,2021-07-19 00:00:00,7/19/21,Wisconsin,7/6/2021,7/20/2021,Confirmed case death,0,0.00
746,93,0,0,0,2021-07-18 00:00:00,7/18/21,Wisconsin,7/5/2021,7/19/2021,Confirmed case death,0,0.00
747,93,1,1,0,2021-07-17 00:00:00,7/17/21,Wisconsin,7/4/2021,7/18/2021,Confirmed case death,1,1.00
748,93,2,2,0,2021-07-16 00:00:00,7/16/21,Wisconsin,7/3/2021,7/17/2021,Confirmed case death,2,2.00
749,93,2,2,0,2021-07-15 00:00:00,7/15/21,Wisconsin,7/2/2021,7/16/2021,Confirmed case death,2,2.00
750,93,3,3,0,2021-07-14 00:00:00,7/14/21,Wisconsin,7/1/2021,7/15/2021,Confirmed case death,3,3.00
751,93,0,0,0,2021-07-13 00:00:00,7/13/21,Wisconsin,6/30/2021,7/14/2021,Confirmed case death,0,0.00
752,93,0,0,0,2021-07-12 00:00:00,7/12/21,Wisconsin,6/29/2021,7/13/2021,Confirmed case death,0,0.00
753,93,1,1,0,2021-07-11 00:00:00,7/11/21,Wisconsin,6/28/2021,7/12/2021,Confirmed case death,1,1.00
754,93,1,1,0,2021-07-10 00:00:00,7/10/21,Wisconsin,6/27/2021,7/11/2021,Confirmed case death,1,1.00
755,93,1,1,0,2021-07-09 00:00:00,7/9/21,Wisconsin,6/26/2021,7/10/2021,Confirmed case death,1,1.00
756,93,1,1,0,2021-07-08 00:00:00,7/8/21,Wisconsin,6/25/2021,7/9/2021,Confirmed case death,1,1.00
757,93,1,1,0,2021-07-07 00:00:00,7/7/21,Wisconsin,6/24/2021,7/8/2021,Confirmed case death,1,1.00
758,93,3,3,0,2021-07-06 00:00:00,7/6/21,Wisconsin,6/23/2021,7/7/2021,Confirmed case death,3,3.00
759,93,1,1,0,2021-07-05 00:00:00,7/5/21,Wisconsin,6/22/2021,7/6/2021,Confirmed case death,1,1.00
760,93,1,1,0,2021-07-04 00:00:00,7/4/21,Wisconsin,6/21/2021,7/5/2021,Confirmed case death,1,1.00
761,93,4,4,0,2021-07-03 00:00:00,7/3/21,Wisconsin,6/20/2021,7/4/2021,Confirmed case death,4,4.00
762,93,0,0,0,2021-07-02 00:00:00,7/2/21,Wisconsin,6/19/2021,7/3/2021,Confirmed case death,0,0.00
763,93,3,3,0,2021-07-01 00:00:00,7/1/21,Wisconsin,6/18/2021,7/2/2021,Confirmed case death,3,3.00
764,93,2,2,0,2021-06-30 00:00:00,6/30/21,Wisconsin,6/17/2021,7/1/2021,Confirmed case death,2,2.00
765,93,0,0,0,2021-06-29 00:00:00,6/29/21,Wisconsin,6/16/2021,6/30/2021,Confirmed case death,0,0.00
766,93,3,3,0,2021-06-28 00:00:00,6/28/21,Wisconsin,6/15/2021,6/29/2021,Confirmed case death,3,3.00
767,93,3,3,0,2021-06-27 00:00:00,6/27/21,Wisconsin,6/14/2021,6/28/2021,Confirmed case death,3,3.00
768,93,1,1,0,2021-06-26 00:00:00,6/26/21,Wisconsin,6/13/2021,6/27/2021,Confirmed case death,1,1.00
769,93,2,2,0,2021-06-25 00:00:00,6/25/21,Wisconsin,6/12/2021,6/26/2021,Confirmed case death,2,2.00
770,93,0,0,0,2021-06-24 00:00:00,6/24/21,Wisconsin,6/11/2021,6/25/2021,Confirmed case death,0,0.00
771,93,1,1,0,2021-06-23 00:00:00,6/23/21,Wisconsin,6/10/2021,6/24/2021,Confirmed case death,1,1.00
772,93,3,3,0,2021-06-22 00:00:00,6/22/21,Wisconsin,6/9/2021,6/23/2021,Confirmed case death,3,3.00
773,93,0,0,0,2021-06-21 00:00:00,6/21/21,Wisconsin,6/8/2021,6/22/2021,Confirmed case death,0,0.00
774,93,2,2,0,2021-06-20 00:00:00,6/20/21,Wisconsin,6/7/2021,6/21/2021,Confirmed case death,2,2.00
775,93,3,3,0,2021-06-19 00:00:00,6/19/21,Wisconsin,6/6/2021,6/20/2021,Confirmed case death,3,3.00
776,93,0,0,0,2021-06-18 00:00:00,6/18/21,Wisconsin,6/5/2021,6/19/2021,Confirmed case death,0,0.00
777,93,1,1,0,2021-06-17 00:00:00,6/17/21,Wisconsin,6/4/2021,6/18/2021,Confirmed case death,1,1.00
778,93,0,0,0,2021-06-16 00:00:00,6/16/21,Wisconsin,6/3/2021,6/17/2021,Confirmed case death,0,0.00
779,93,0,0,0,2021-06-15 00:00:00,6/15/21,Wisconsin,6/2/2021,6/16/2021,Confirmed case death,0,0.00
780,93,2,2,0,2021-06-14 00:00:00,6/14/21,Wisconsin,6/1/2021,6/15/2021,Confirmed case death,2,2.00
781,93,2,2,0,2021-06-13 00:00:00,6/13/21,Wisconsin,5/31/2021,6/14/2021,Confirmed case death,2,2.00
782,93,4,4,0,2021-06-12 00:00:00,6/12/21,Wisconsin,5/30/2021,6/13/2021,Confirmed case death,4,4.00
783,93,1,1,0,2021-06-11 00:00:00,6/11/21,Wisconsin,5/29/2021,6/12/2021,Confirmed case death,1,1.00
784,93,1,1,0,2021-06-10 00:00:00,6/10/21,Wisconsin,5/28/2021,6/11/2021,Confirmed case death,1,1.00
785,93,4,4,0,2021-06-09 00:00:00,6/9/21,Wisconsin,5/27/2021,6/10/2021,Confirmed case death,4,4.00
786,93,1,1,0,2021-06-08 00:00:00,6/8/21,Wisconsin,5/26/2021,6/9/2021,Confirmed case death,1,1.00
787,93,0,0,0,2021-06-07 00:00:00,6/7/21,Wisconsin,5/25/2021,6/8/2021,Confirmed case death,0,0.00
788,93,2,1,1,2021-06-06 00:00:00,6/6/21,Wisconsin,5/24/2021,6/7/2021,Confirmed case death,1,1.00
789,93,3,2,1,2021-06-05 00:00:00,6/5/21,Wisconsin,5/23/2021,6/6/2021,Confirmed case death,2,2.00
790,93,3,3,0,2021-06-04 00:00:00,6/4/21,Wisconsin,5/22/2021,6/5/2021,Confirmed case death,3,3.00
791,93,4,4,0,2021-06-03 00:00:00,6/3/21,Wisconsin,5/21/2021,6/4/2021,Confirmed case death,4,4.00
792,93,4,2,2,2021-06-02 00:00:00,6/2/21,Wisconsin,5/20/2021,6/3/2021,Confirmed case death,2,2.00
793,93,3,3,0,2021-06-01 00:00:00,6/1/21,Wisconsin,5/19/2021,6/2/2021,Confirmed case death,3,3.00
794,93,5,5,0,2021-05-31 00:00:00,5/31/21,Wisconsin,5/18/2021,6/1/2021,Confirmed case death,5,5.00
795,93,4,3,1,2021-05-30 00:00:00,5/30/21,Wisconsin,5/17/2021,5/31/2021,Confirmed case death,3,3.00
796,93,2,2,0,2021-05-29 00:00:00,5/29/21,Wisconsin,5/16/2021,5/30/2021,Confirmed case death,2,2.00
797,93,4,4,0,2021-05-28 00:00:00,5/28/21,Wisconsin,5/15/2021,5/29/2021,Confirmed case death,4,4.00
798,93,4,2,2,2021-05-27 00:00:00,5/27/21,Wisconsin,5/14/2021,5/28/2021,Confirmed case death,2,2.00
799,93,3,3,0,2021-05-26 00:00:00,5/26/21,Wisconsin,5/13/2021,5/27/2021,Confirmed case death,3,3.00
800,93,4,4,0,2021-05-25 00:00:00,5/25/21,Wisconsin,5/12/2021,5/26/2021,Confirmed case death,4,4.00
801,93,4,4,0,2021-05-24 00:00:00,5/24/21,Wisconsin,5/11/2021,5/25/2021,Confirmed case death,4,4.00
802,93,2,2,0,2021-05-23 00:00:00,5/23/21,Wisconsin,5/10/2021,5/24/2021,Confirmed case death,2,2.00
803,93,6,6,0,2021-05-22 00:00:00,5/22/21,Wisconsin,5/9/2021,5/23/2021,Confirmed case death,6,6.00
804,93,5,5,0,2021-05-21 00:00:00,5/21/21,Wisconsin,5/8/2021,5/22/2021,Confirmed case death,5,5.00
805,93,3,2,1,2021-05-20 00:00:00,5/20/21,Wisconsin,5/7/2021,5/21/2021,Confirmed case death,2,2.00
806,93,4,3,1,2021-05-19 00:00:00,5/19/21,Wisconsin,5/6/2021,5/20/2021,Confirmed case death,3,3.00
807,93,4,4,0,2021-05-18 00:00:00,5/18/21,Wisconsin,5/5/2021,5/19/2021,Confirmed case death,4,4.00
808,93,1,1,0,2021-05-17 00:00:00,5/17/21,Wisconsin,5/4/2021,5/18/2021,Confirmed case death,1,1.00
809,93,8,8,0,2021-05-16 00:00:00,5/16/21,Wisconsin,5/3/2021,5/17/2021,Confirmed case death,8,8.00
810,93,5,4,1,2021-05-15 00:00:00,5/15/21,Wisconsin,5/2/2021,5/16/2021,Confirmed case death,4,4.00
811,93,4,4,0,2021-05-14 00:00:00,5/14/21,Wisconsin,5/1/2021,5/15/2021,Confirmed case death,4,4.00
812,93,6,6,0,2021-05-13 00:00:00,5/13/21,Wisconsin,4/30/2021,5/14/2021,Confirmed case death,6,6.00
813,93,5,4,1,2021-05-12 00:00:00,5/12/21,Wisconsin,4/29/2021,5/13/2021,Confirmed case death,4,4.00
814,93,6,6,0,2021-05-11 00:00:00,5/11/21,Wisconsin,4/28/2021,5/12/2021,Confirmed case death,6,6.00
815,93,4,4,0,2021-05-10 00:00:00,5/10/21,Wisconsin,4/27/2021,5/11/2021,Confirmed case death,4,4.00
816,93,8,8,0,2021-05-09 00:00:00,5/9/21,Wisconsin,4/26/2021,5/10/2021,Confirmed case death,8,8.00
817,93,4,4,0,2021-05-08 00:00:00,5/8/21,Wisconsin,4/25/2021,5/9/2021,Confirmed case death,4,4.00
818,93,3,3,0,2021-05-07 00:00:00,5/7/21,Wisconsin,4/24/2021,5/8/2021,Confirmed case death,3,3.00
819,93,3,3,0,2021-05-06 00:00:00,5/6/21,Wisconsin,4/23/2021,5/7/2021,Confirmed case death,3,3.00
820,93,4,4,0,2021-05-05 00:00:00,5/5/21,Wisconsin,4/22/2021,5/6/2021,Confirmed case death,4,4.00
821,93,6,4,2,2021-05-04 00:00:00,5/4/21,Wisconsin,4/21/2021,5/5/2021,Confirmed case death,4,4.00
822,93,8,8,0,2021-05-03 00:00:00,5/3/21,Wisconsin,4/20/2021,5/4/2021,Confirmed case death,8,8.00
823,93,6,6,0,2021-05-02 00:00:00,5/2/21,Wisconsin,4/19/2021,5/3/2021,Confirmed case death,6,6.00
824,93,9,9,0,2021-05-01 00:00:00,5/1/21,Wisconsin,4/18/2021,5/2/2021,Confirmed case death,9,9.00
825,93,6,5,1,2021-04-30 00:00:00,4/30/21,Wisconsin,4/17/2021,5/1/2021,Confirmed case death,5,5.00
826,93,4,3,1,2021-04-29 00:00:00,4/29/21,Wisconsin,4/16/2021,4/30/2021,Confirmed case death,3,3.00
827,93,4,4,0,2021-04-28 00:00:00,4/28/21,Wisconsin,4/15/2021,4/29/2021,Confirmed case death,4,4.00
828,93,10,9,1,2021-04-27 00:00:00,4/27/21,Wisconsin,4/14/2021,4/28/2021,Confirmed case death,9,9.00
829,93,7,7,0,2021-04-26 00:00:00,4/26/21,Wisconsin,4/13/2021,4/27/2021,Confirmed case death,7,7.00
830,93,5,4,1,2021-04-25 00:00:00,4/25/21,Wisconsin,4/12/2021,4/26/2021,Confirmed case death,4,4.00
831,93,4,4,0,2021-04-24 00:00:00,4/24/21,Wisconsin,4/11/2021,4/25/2021,Confirmed case death,4,4.00
832,93,6,6,0,2021-04-23 00:00:00,4/23/21,Wisconsin,4/10/2021,4/24/2021,Confirmed case death,6,6.00
833,93,7,6,1,2021-04-22 00:00:00,4/22/21,Wisconsin,4/9/2021,4/23/2021,Confirmed case death,6,6.00
834,93,8,8,0,2021-04-21 00:00:00,4/21/21,Wisconsin,4/8/2021,4/22/2021,Confirmed case death,8,8.00
835,93,7,6,1,2021-04-20 00:00:00,4/20/21,Wisconsin,4/7/2021,4/21/2021,Confirmed case death,6,6.00
836,93,3,3,0,2021-04-19 00:00:00,4/19/21,Wisconsin,4/6/2021,4/20/2021,Confirmed case death,3,3.00
837,93,1,1,0,2021-04-18 00:00:00,4/18/21,Wisconsin,4/5/2021,4/19/2021,Confirmed case death,1,1.00
838,93,5,5,0,2021-04-17 00:00:00,4/17/21,Wisconsin,4/4/2021,4/18/2021,Confirmed case death,5,5.00
839,93,10,9,1,2021-04-16 00:00:00,4/16/21,Wisconsin,4/3/2021,4/17/2021,Confirmed case death,9,9.00
840,93,4,3,1,2021-04-15 00:00:00,4/15/21,Wisconsin,4/2/2021,4/16/2021,Confirmed case death,3,3.00
841,93,3,3,0,2021-04-14 00:00:00,4/14/21,Wisconsin,4/1/2021,4/15/2021,Confirmed case death,3,3.00
842,93,5,5,0,2021-04-13 00:00:00,4/13/21,Wisconsin,3/31/2021,4/14/2021,Confirmed case death,5,5.00
843,93,7,7,0,2021-04-12 00:00:00,4/12/21,Wisconsin,3/30/2021,4/13/2021,Confirmed case death,7,7.00
844,93,6,5,1,2021-04-11 00:00:00,4/11/21,Wisconsin,3/29/2021,4/12/2021,Confirmed case death,5,5.00
845,93,4,3,1,2021-04-10 00:00:00,4/10/21,Wisconsin,3/28/2021,4/11/2021,Confirmed case death,3,3.00
846,93,5,5,0,2021-04-09 00:00:00,4/9/21,Wisconsin,3/27/2021,4/10/2021,Confirmed case death,5,5.00
847,93,9,8,1,2021-04-08 00:00:00,4/8/21,Wisconsin,3/26/2021,4/9/2021,Confirmed case death,8,8.00
848,93,6,6,0,2021-04-07 00:00:00,4/7/21,Wisconsin,3/25/2021,4/8/2021,Confirmed case death,6,6.00
849,93,4,3,1,2021-04-06 00:00:00,4/6/21,Wisconsin,3/24/2021,4/7/2021,Confirmed case death,3,3.00
850,93,0,0,0,2021-04-05 00:00:00,4/5/21,Wisconsin,3/23/2021,4/6/2021,Confirmed case death,0,0.00
851,93,4,3,1,2021-04-04 00:00:00,4/4/21,Wisconsin,3/22/2021,4/5/2021,Confirmed case death,3,3.00
852,93,4,4,0,2021-04-03 00:00:00,4/3/21,Wisconsin,3/21/2021,4/4/2021,Confirmed case death,4,4.00
853,93,3,2,1,2021-04-02 00:00:00,4/2/21,Wisconsin,3/20/2021,4/3/2021,Confirmed case death,2,2.00
854,93,4,4,0,2021-04-01 00:00:00,4/1/21,Wisconsin,3/19/2021,4/2/2021,Confirmed case death,4,4.00
855,93,5,5,0,2021-03-31 00:00:00,3/31/21,Wisconsin,3/18/2021,4/1/2021,Confirmed case death,5,5.00
856,93,6,5,1,2021-03-30 00:00:00,3/30/21,Wisconsin,3/17/2021,3/31/2021,Confirmed case death,5,5.00
857,93,6,5,1,2021-03-29 00:00:00,3/29/21,Wisconsin,3/16/2021,3/30/2021,Confirmed case death,5,5.00
858,93,5,5,0,2021-03-28 00:00:00,3/28/21,Wisconsin,3/15/2021,3/29/2021,Confirmed case death,5,5.00
859,93,3,2,1,2021-03-27 00:00:00,3/27/21,Wisconsin,3/14/2021,3/28/2021,Confirmed case death,2,2.00
860,93,4,4,0,2021-03-26 00:00:00,3/26/21,Wisconsin,3/13/2021,3/27/2021,Confirmed case death,4,4.00
861,93,4,3,1,2021-03-25 00:00:00,3/25/21,Wisconsin,3/12/2021,3/26/2021,Confirmed case death,3,3.00
862,93,7,7,0,2021-03-24 00:00:00,3/24/21,Wisconsin,3/11/2021,3/25/2021,Confirmed case death,7,7.00
863,93,6,6,0,2021-03-23 00:00:00,3/23/21,Wisconsin,3/10/2021,3/24/2021,Confirmed case death,6,6.00
864,93,8,7,1,2021-03-22 00:00:00,3/22/21,Wisconsin,3/9/2021,3/23/2021,Confirmed case death,7,7.00
865,93,4,2,2,2021-03-21 00:00:00,3/21/21,Wisconsin,3/8/2021,3/22/2021,Confirmed case death,2,2.00
866,93,5,5,0,2021-03-20 00:00:00,3/20/21,Wisconsin,3/7/2021,3/21/2021,Confirmed case death,5,5.00
867,93,9,8,1,2021-03-19 00:00:00,3/19/21,Wisconsin,3/6/2021,3/20/2021,Confirmed case death,8,8.00
868,93,3,3,0,2021-03-18 00:00:00,3/18/21,Wisconsin,3/5/2021,3/19/2021,Confirmed case death,3,3.00
869,93,5,5,0,2021-03-17 00:00:00,3/17/21,Wisconsin,3/4/2021,3/18/2021,Confirmed case death,5,5.00
870,93,3,3,0,2021-03-16 00:00:00,3/16/21,Wisconsin,3/3/2021,3/17/2021,Confirmed case death,3,3.00
871,93,6,6,0,2021-03-15 00:00:00,3/15/21,Wisconsin,3/2/2021,3/16/2021,Confirmed case death,6,6.00
872,93,3,3,0,2021-03-14 00:00:00,3/14/21,Wisconsin,3/1/2021,3/15/2021,Confirmed case death,3,3.00
873,93,5,3,2,2021-03-13 00:00:00,3/13/21,Wisconsin,2/28/2021,3/14/2021,Confirmed case death,3,3.00
874,93,5,5,0,2021-03-12 00:00:00,3/12/21,Wisconsin,2/27/2021,3/13/2021,Confirmed case death,5,5.00
875,93,5,5,0,2021-03-11 00:00:00,3/11/21,Wisconsin,2/26/2021,3/12/2021,Confirmed case death,5,5.00
876,93,3,3,0,2021-03-10 00:00:00,3/10/21,Wisconsin,2/25/2021,3/11/2021,Confirmed case death,3,3.00
877,93,5,4,1,2021-03-09 00:00:00,3/9/21,Wisconsin,2/24/2021,3/10/2021,Confirmed case death,4,4.00
878,93,10,7,3,2021-03-08 00:00:00,3/8/21,Wisconsin,2/23/2021,3/9/2021,Confirmed case death,7,7.00
879,93,11,10,1,2021-03-07 00:00:00,3/7/21,Wisconsin,2/22/2021,3/8/2021,Confirmed case death,10,10.00
880,93,5,5,0,2021-03-06 00:00:00,3/6/21,Wisconsin,2/21/2021,3/7/2021,Confirmed case death,5,5.00
881,93,7,7,0,2021-03-05 00:00:00,3/5/21,Wisconsin,2/20/2021,3/6/2021,Confirmed case death,7,7.00
882,93,5,5,0,2021-03-04 00:00:00,3/4/21,Wisconsin,2/19/2021,3/5/2021,Confirmed case death,5,5.00
883,93,9,9,0,2021-03-03 00:00:00,3/3/21,Wisconsin,2/18/2021,3/4/2021,Confirmed case death,9,9.00
884,93,7,7,0,2021-03-02 00:00:00,3/2/21,Wisconsin,2/17/2021,3/3/2021,Confirmed case death,7,7.00
885,93,9,9,0,2021-03-01 00:00:00,3/1/21,Wisconsin,2/16/2021,3/2/2021,Confirmed case death,9,9.00
886,93,8,8,0,2021-02-28 00:00:00,2/28/21,Wisconsin,2/15/2021,3/1/2021,Confirmed case death,8,8.00
887,93,10,8,2,2021-02-27 00:00:00,2/27/21,Wisconsin,2/14/2021,2/28/2021,Confirmed case death,8,8.00
888,93,11,11,0,2021-02-26 00:00:00,2/26/21,Wisconsin,2/13/2021,2/27/2021,Confirmed case death,11,11.00
889,93,16,13,3,2021-02-25 00:00:00,2/25/21,Wisconsin,2/12/2021,2/26/2021,Confirmed case death,13,13.00
890,93,12,10,2,2021-02-24 00:00:00,2/24/21,Wisconsin,2/11/2021,2/25/2021,Confirmed case death,10,10.00
891,93,8,7,1,2021-02-23 00:00:00,2/23/21,Wisconsin,2/10/2021,2/24/2021,Confirmed case death,7,7.00
892,93,10,10,0,2021-02-22 00:00:00,2/22/21,Wisconsin,2/9/2021,2/23/2021,Confirmed case death,10,10.00
893,93,9,7,2,2021-02-21 00:00:00,2/21/21,Wisconsin,2/8/2021,2/22/2021,Confirmed case death,7,7.00
894,93,7,7,0,2021-02-20 00:00:00,2/20/21,Wisconsin,2/7/2021,2/21/2021,Confirmed case death,7,7.00
895,93,13,13,0,2021-02-19 00:00:00,2/19/21,Wisconsin,2/6/2021,2/20/2021,Confirmed case death,13,13.00
896,93,11,11,0,2021-02-18 00:00:00,2/18/21,Wisconsin,2/5/2021,2/19/2021,Confirmed case death,11,11.00
897,93,7,6,1,2021-02-17 00:00:00,2/17/21,Wisconsin,2/4/2021,2/18/2021,Confirmed case death,6,6.00
898,93,6,5,1,2021-02-16 00:00:00,2/16/21,Wisconsin,2/3/2021,2/17/2021,Confirmed case death,5,5.00
899,93,6,6,0,2021-02-15 00:00:00,2/15/21,Wisconsin,2/2/2021,2/16/2021,Confirmed case death,6,6.00
900,93,17,17,0,2021-02-14 00:00:00,2/14/21,Wisconsin,2/1/2021,2/15/2021,Confirmed case death,17,17.00
901,93,16,15,1,2021-02-13 00:00:00,2/13/21,Wisconsin,1/31/2021,2/14/2021,Confirmed case death,15,15.00
902,93,11,10,1,2021-02-12 00:00:00,2/12/21,Wisconsin,1/30/2021,2/13/2021,Confirmed case death,10,10.00
903,93,17,17,0,2021-02-11 00:00:00,2/11/21,Wisconsin,1/29/2021,2/12/2021,Confirmed case death,17,17.00
904,93,9,5,4,2021-02-10 00:00:00,2/10/21,Wisconsin,1/28/2021,2/11/2021,Confirmed case death,5,5.00
905,93,23,20,3,2021-02-09 00:00:00,2/9/21,Wisconsin,1/27/2021,2/10/2021,Confirmed case death,20,20.00
906,93,10,9,1,2021-02-08 00:00:00,2/8/21,Wisconsin,1/26/2021,2/9/2021,Confirmed case death,9,9.00
907,93,19,15,4,2021-02-07 00:00:00,2/7/21,Wisconsin,1/25/2021,2/8/2021,Confirmed case death,15,15.00
908,93,15,10,5,2021-02-06 00:00:00,2/6/21,Wisconsin,1/24/2021,2/7/2021,Confirmed case death,10,10.00
909,93,15,12,3,2021-02-05 00:00:00,2/5/21,Wisconsin,1/23/2021,2/6/2021,Confirmed case death,12,12.00
910,93,29,24,5,2021-02-04 00:00:00,2/4/21,Wisconsin,1/22/2021,2/5/2021,Confirmed case death,24,24.00
911,93,29,22,7,2021-02-03 00:00:00,2/3/21,Wisconsin,1/21/2021,2/4/2021,Confirmed case death,22,22.00
912,93,25,20,5,2021-02-02 00:00:00,2/2/21,Wisconsin,1/20/2021,2/3/2021,Confirmed case death,20,20.00
913,93,23,20,3,2021-02-01 00:00:00,2/1/21,Wisconsin,1/19/2021,2/2/2021,Confirmed case death,20,20.00
914,93,20,19,1,2021-01-31 00:00:00,1/31/21,Wisconsin,1/18/2021,2/1/2021,Confirmed case death,19,19.00
915,93,33,31,2,2021-01-30 00:00:00,1/30/21,Wisconsin,1/17/2021,1/31/2021,Confirmed case death,31,31.00
916,93,23,19,4,2021-01-29 00:00:00,1/29/21,Wisconsin,1/16/2021,1/30/2021,Confirmed case death,19,19.00
917,93,28,26,2,2021-01-28 00:00:00,1/28/21,Wisconsin,1/15/2021,1/29/2021,Confirmed case death,26,26.00
918,93,27,24,3,2021-01-27 00:00:00,1/27/21,Wisconsin,1/14/2021,1/28/2021,Confirmed case death,24,24.00
919,93,25,24,1,2021-01-26 00:00:00,1/26/21,Wisconsin,1/13/2021,1/27/2021,Confirmed case death,24,24.00
920,93,23,17,6,2021-01-25 00:00:00,1/25/21,Wisconsin,1/12/2021,1/26/2021,Confirmed case death,17,17.00
921,93,32,28,4,2021-01-24 00:00:00,1/24/21,Wisconsin,1/11/2021,1/25/2021,Confirmed case death,28,28.00
922,93,34,25,9,2021-01-23 00:00:00,1/23/21,Wisconsin,1/10/2021,1/24/2021,Confirmed case death,25,25.00
923,93,31,29,2,2021-01-22 00:00:00,1/22/21,Wisconsin,1/9/2021,1/23/2021,Confirmed case death,29,29.00
924,93,35,33,2,2021-01-21 00:00:00,1/21/21,Wisconsin,1/8/2021,1/22/2021,Confirmed case death,33,33.00
925,93,28,24,4,2021-01-20 00:00:00,1/20/21,Wisconsin,1/7/2021,1/21/2021,Confirmed case death,24,24.00
926,93,31,22,9,2021-01-19 00:00:00,1/19/21,Wisconsin,1/6/2021,1/20/2021,Confirmed case death,22,22.00
927,93,30,25,5,2021-01-18 00:00:00,1/18/21,Wisconsin,1/5/2021,1/19/2021,Confirmed case death,25,25.00
928,93,29,29,0,2021-01-17 00:00:00,1/17/21,Wisconsin,1/4/2021,1/18/2021,Confirmed case death,29,29.00
929,93,40,33,7,2021-01-16 00:00:00,1/16/21,Wisconsin,1/3/2021,1/17/2021,Confirmed case death,33,33.00
930,93,35,27,8,2021-01-15 00:00:00,1/15/21,Wisconsin,1/2/2021,1/16/2021,Confirmed case death,27,27.00
931,93,31,23,8,2021-01-14 00:00:00,1/14/21,Wisconsin,1/1/2021,1/15/2021,Confirmed case death,23,23.00
932,93,40,33,7,2021-01-13 00:00:00,1/13/21,Wisconsin,12/31/2020,1/14/2021,Confirmed case death,33,33.00
933,93,32,25,7,2021-01-12 00:00:00,1/12/21,Wisconsin,12/30/2020,1/13/2021,Confirmed case death,25,25.00
934,93,40,33,7,2021-01-11 00:00:00,1/11/21,Wisconsin,12/29/2020,1/12/2021,Confirmed case death,33,33.00
935,93,24,17,7,2021-01-10 00:00:00,1/10/21,Wisconsin,12/28/2020,1/11/2021,Confirmed case death,17,17.00
936,93,37,31,6,2021-01-09 00:00:00,1/9/21,Wisconsin,12/27/2020,1/10/2021,Confirmed case death,31,31.00
937,93,40,31,9,2021-01-08 00:00:00,1/8/21,Wisconsin,12/26/2020,1/9/2021,Confirmed case death,31,31.00
938,93,51,43,8,2021-01-07 00:00:00,1/7/21,Wisconsin,12/25/2020,1/8/2021,Confirmed case death,43,43.00
939,93,35,28,7,2021-01-06 00:00:00,1/6/21,Wisconsin,12/24/2020,1/7/2021,Confirmed case death,28,28.00
940,93,41,35,6,2021-01-05 00:00:00,1/5/21,Wisconsin,12/23/2020,1/6/2021,Confirmed case death,35,35.00
941,93,33,29,4,2021-01-04 00:00:00,1/4/21,Wisconsin,12/22/2020,1/5/2021,Confirmed case death,29,29.00
942,93,40,35,5,2021-01-03 00:00:00,1/3/21,Wisconsin,12/21/2020,1/4/2021,Confirmed case death,35,35.00
943,93,55,48,7,2021-01-02 00:00:00,1/2/21,Wisconsin,12/20/2020,1/3/2021,Confirmed case death,48,48.00
944,93,44,34,10,2021-01-01 00:00:00,1/1/21,Wisconsin,12/19/2020,1/2/2021,Confirmed case death,34,34.00
945,93,48,44,4,2020-12-31 00:00:00,12/31/20,Wisconsin,12/18/2020,1/1/2021,Confirmed case death,44,44.00
946,93,38,30,8,2020-12-30 00:00:00,12/30/20,Wisconsin,12/17/2020,12/31/2020,Confirmed case death,30,30.00
947,93,48,35,13,2020-12-29 00:00:00,12/29/20,Wisconsin,12/16/2020,12/30/2020,Confirmed case death,35,35.00
948,93,42,35,7,2020-12-28 00:00:00,12/28/20,Wisconsin,12/15/2020,12/29/2020,Confirmed case death,35,35.00
949,93,41,35,6,2020-12-27 00:00:00,12/27/20,Wisconsin,12/14/2020,12/28/2020,Confirmed case death,35,35.00
950,93,60,54,6,2020-12-26 00:00:00,12/26/20,Wisconsin,12/13/2020,12/27/2020,Confirmed case death,54,54.00
951,93,35,31,4,2020-12-25 00:00:00,12/25/20,Wisconsin,12/12/2020,12/26/2020,Confirmed case death,31,31.00
952,93,41,36,5,2020-12-24 00:00:00,12/24/20,Wisconsin,12/11/2020,12/25/2020,Confirmed case death,36,36.00
953,93,49,43,6,2020-12-23 00:00:00,12/23/20,Wisconsin,12/10/2020,12/24/2020,Confirmed case death,43,43.00
954,93,35,30,5,2020-12-22 00:00:00,12/22/20,Wisconsin,12/9/2020,12/23/2020,Confirmed case death,30,30.00
955,93,57,49,8,2020-12-21 00:00:00,12/21/20,Wisconsin,12/8/2020,12/22/2020,Confirmed case death,49,49.00
956,93,53,45,8,2020-12-20 00:00:00,12/20/20,Wisconsin,12/7/2020,12/21/2020,Confirmed case death,45,45.00
957,93,54,41,13,2020-12-19 00:00:00,12/19/20,Wisconsin,12/6/2020,12/20/2020,Confirmed case death,41,41.00
958,93,57,50,7,2020-12-18 00:00:00,12/18/20,Wisconsin,12/5/2020,12/19/2020,Confirmed case death,50,50.00
959,93,65,58,7,2020-12-17 00:00:00,12/17/20,Wisconsin,12/4/2020,12/18/2020,Confirmed case death,58,58.00
960,93,56,46,10,2020-12-16 00:00:00,12/16/20,Wisconsin,12/3/2020,12/17/2020,Confirmed case death,46,46.00
961,93,54,47,7,2020-12-15 00:00:00,12/15/20,Wisconsin,12/2/2020,12/16/2020,Confirmed case death,47,47.00
962,93,64,59,5,2020-12-14 00:00:00,12/14/20,Wisconsin,12/1/2020,12/15/2020,Confirmed case death,59,59.00
963,93,54,48,6,2020-12-13 00:00:00,12/13/20,Wisconsin,11/30/2020,12/14/2020,Confirmed case death,48,48.00
964,93,51,37,14,2020-12-12 00:00:00,12/12/20,Wisconsin,11/29/2020,12/13/2020,Confirmed case death,37,37.00
965,93,80,65,15,2020-12-11 00:00:00,12/11/20,Wisconsin,11/28/2020,12/12/2020,Confirmed case death,65,65.00
966,93,62,53,9,2020-12-10 00:00:00,12/10/20,Wisconsin,11/27/2020,12/11/2020,Confirmed case death,53,53.00
967,93,74,64,10,2020-12-09 00:00:00,12/9/20,Wisconsin,11/26/2020,12/10/2020,Confirmed case death,64,64.00
968,93,60,48,12,2020-12-08 00:00:00,12/8/20,Wisconsin,11/25/2020,12/9/2020,Confirmed case death,48,48.00
969,93,68,61,7,2020-12-07 00:00:00,12/7/20,Wisconsin,11/24/2020,12/8/2020,Confirmed case death,61,61.00
970,93,55,51,4,2020-12-06 00:00:00,12/6/20,Wisconsin,11/23/2020,12/7/2020,Confirmed case death,51,51.00
971,93,75,62,13,2020-12-05 00:00:00,12/5/20,Wisconsin,11/22/2020,12/6/2020,Confirmed case death,62,62.00
972,93,64,49,15,2020-12-04 00:00:00,12/4/20,Wisconsin,11/21/2020,12/5/2020,Confirmed case death,49,49.00
973,93,82,68,14,2020-12-03 00:00:00,12/3/20,Wisconsin,11/20/2020,12/4/2020,Confirmed case death,68,68.00
974,93,78,66,12,2020-12-02 00:00:00,12/2/20,Wisconsin,11/19/2020,12/3/2020,Confirmed case death,66,66.00
975,93,86,70,16,2020-12-01 00:00:00,12/1/20,Wisconsin,11/18/2020,12/2/2020,Confirmed case death,70,70.00
976,93,68,54,14,2020-11-30 00:00:00,11/30/20,Wisconsin,11/17/2020,12/1/2020,Confirmed case death,54,54.00
977,93,65,59,6,2020-11-29 00:00:00,11/29/20,Wisconsin,11/16/2020,11/30/2020,Confirmed case death,59,59.00
978,93,64,55,9,2020-11-28 00:00:00,11/28/20,Wisconsin,11/15/2020,11/29/2020,Confirmed case death,55,55.00
979,93,66,56,10,2020-11-27 00:00:00,11/27/20,Wisconsin,11/14/2020,11/28/2020,Confirmed case death,56,56.00
980,93,69,63,6,2020-11-26 00:00:00,11/26/20,Wisconsin,11/13/2020,11/27/2020,Confirmed case death,63,63.00
981,93,66,56,10,2020-11-25 00:00:00,11/25/20,Wisconsin,11/12/2020,11/26/2020,Confirmed case death,56,56.00
982,93,82,65,17,2020-11-24 00:00:00,11/24/20,Wisconsin,11/11/2020,11/25/2020,Confirmed case death,65,65.00
983,93,69,63,6,2020-11-23 00:00:00,11/23/20,Wisconsin,11/10/2020,11/24/2020,Confirmed case death,63,63.00
984,93,68,64,4,2020-11-22 00:00:00,11/22/20,Wisconsin,11/9/2020,11/23/2020,Confirmed case death,64,64.00
985,93,65,57,8,2020-11-21 00:00:00,11/21/20,Wisconsin,11/8/2020,11/22/2020,Confirmed case death,57,57.00
986,93,73,66,7,2020-11-20 00:00:00,11/20/20,Wisconsin,11/7/2020,11/21/2020,Confirmed case death,66,66.00
987,93,89,78,11,2020-11-19 00:00:00,11/19/20,Wisconsin,11/6/2020,11/20/2020,Confirmed case death,78,78.00
988,93,87,78,9,2020-11-18 00:00:00,11/18/20,Wisconsin,11/5/2020,11/19/2020,Confirmed case death,78,78.00
989,93,93,86,7,2020-11-17 00:00:00,11/17/20,Wisconsin,11/4/2020,11/18/2020,Confirmed case death,86,86.00
990,93,82,71,11,2020-11-16 00:00:00,11/16/20,Wisconsin,11/3/2020,11/17/2020,Confirmed case death,71,71.00
991,93,75,68,7,2020-11-15 00:00:00,11/15/20,Wisconsin,11/2/2020,11/16/2020,Confirmed case death,68,68.00
992,93,74,68,6,2020-11-14 00:00:00,11/14/20,Wisconsin,11/1/2020,11/15/2020,Confirmed case death,68,68.00
993,93,71,70,1,2020-11-13 00:00:00,11/13/20,Wisconsin,10/31/2020,11/14/2020,Confirmed case death,70,70.00
994,93,85,80,5,2020-11-12 00:00:00,11/12/20,Wisconsin,10/30/2020,11/13/2020,Confirmed case death,80,80.00
995,93,75,68,7,2020-11-11 00:00:00,11/11/20,Wisconsin,10/29/2020,11/12/2020,Confirmed case death,68,68.00
996,93,71,62,9,2020-11-10 00:00:00,11/10/20,Wisconsin,10/28/2020,11/11/2020,Confirmed case death,62,62.00
997,93,82,71,11,2020-11-09 00:00:00,11/9/20,Wisconsin,10/27/2020,11/10/2020,Confirmed case death,71,71.00
998,93,68,62,6,2020-11-08 00:00:00,11/8/20,Wisconsin,10/26/2020,11/9/2020,Confirmed case death,62,62.00
999,93,65,60,5,2020-11-07 00:00:00,11/7/20,Wisconsin,10/25/2020,11/8/2020,Confirmed case death,60,60.00
1000,93,77,68,9,2020-11-06 00:00:00,11/6/20,Wisconsin,10/24/2020,11/7/2020,Confirmed case death,68,68.00
1001,93,72,67,5,2020-11-05 00:00:00,11/5/20,Wisconsin,10/23/2020,11/6/2020,Confirmed case death,67,67.00
1002,93,59,57,2,2020-11-04 00:00:00,11/4/20,Wisconsin,10/22/2020,11/5/2020,Confirmed case death,57,57.00
1003,93,64,57,7,2020-11-03 00:00:00,11/3/20,Wisconsin,10/21/2020,11/4/2020,Confirmed case death,57,57.00
1004,93,59,56,3,2020-11-02 00:00:00,11/2/20,Wisconsin,10/20/2020,11/3/2020,Confirmed case death,56,56.00
1005,93,38,34,4,2020-11-01 00:00:00,11/1/20,Wisconsin,10/19/2020,11/2/2020,Confirmed case death,34,34.00
1006,93,59,55,4,2020-10-31 00:00:00,10/31/20,Wisconsin,10/18/2020,11/1/2020,Confirmed case death,55,55.00
1007,93,51,47,4,2020-10-30 00:00:00,10/30/20,Wisconsin,10/17/2020,10/31/2020,Confirmed case death,47,47.00
1008,93,56,44,12,2020-10-29 00:00:00,10/29/20,Wisconsin,10/16/2020,10/30/2020,Confirmed case death,44,44.00
1009,93,48,46,2,2020-10-28 00:00:00,10/28/20,Wisconsin,10/15/2020,10/29/2020,Confirmed case death,46,46.00
1010,93,55,47,8,2020-10-27 00:00:00,10/27/20,Wisconsin,10/14/2020,10/28/2020,Confirmed case death,47,47.00
1011,93,37,33,4,2020-10-26 00:00:00,10/26/20,Wisconsin,10/13/2020,10/27/2020,Confirmed case death,33,33.00
1012,93,44,39,5,2020-10-25 00:00:00,10/25/20,Wisconsin,10/12/2020,10/26/2020,Confirmed case death,39,39.00
1013,93,47,43,4,2020-10-24 00:00:00,10/24/20,Wisconsin,10/11/2020,10/25/2020,Confirmed case death,43,43.00
1014,93,47,44,3,2020-10-23 00:00:00,10/23/20,Wisconsin,10/10/2020,10/24/2020,Confirmed case death,44,44.00
1015,93,38,33,5,2020-10-22 00:00:00,10/22/20,Wisconsin,10/9/2020,10/23/2020,Confirmed case death,33,33.00
1016,93,34,30,4,2020-10-21 00:00:00,10/21/20,Wisconsin,10/8/2020,10/22/2020,Confirmed case death,30,30.00
1017,93,37,36,1,2020-10-20 00:00:00,10/20/20,Wisconsin,10/7/2020,10/21/2020,Confirmed case death,36,36.00
1018,93,41,39,2,2020-10-19 00:00:00,10/19/20,Wisconsin,10/6/2020,10/20/2020,Confirmed case death,39,39.00
1019,93,40,38,2,2020-10-18 00:00:00,10/18/20,Wisconsin,10/5/2020,10/19/2020,Confirmed case death,38,38.00
1020,93,31,29,2,2020-10-17 00:00:00,10/17/20,Wisconsin,10/4/2020,10/18/2020,Confirmed case death,29,29.00
1021,93,39,34,5,2020-10-16 00:00:00,10/16/20,Wisconsin,10/3/2020,10/17/2020,Confirmed case death,34,34.00
1022,93,30,26,4,2020-10-15 00:00:00,10/15/20,Wisconsin,10/2/2020,10/16/2020,Confirmed case death,26,26.00
1023,93,25,21,4,2020-10-14 00:00:00,10/14/20,Wisconsin,10/1/2020,10/15/2020,Confirmed case death,21,21.00
1024,93,26,24,2,2020-10-13 00:00:00,10/13/20,Wisconsin,9/30/2020,10/14/2020,Confirmed case death,24,24.00
1025,93,21,21,0,2020-10-12 00:00:00,10/12/20,Wisconsin,9/29/2020,10/13/2020,Confirmed case death,21,21.00
1026,93,31,27,4,2020-10-11 00:00:00,10/11/20,Wisconsin,9/28/2020,10/12/2020,Confirmed case death,27,27.00
1027,93,23,23,0,2020-10-10 00:00:00,10/10/20,Wisconsin,9/27/2020,10/11/2020,Confirmed case death,23,23.00
1028,93,25,24,1,2020-10-09 00:00:00,10/9/20,Wisconsin,9/26/2020,10/10/2020,Confirmed case death,24,24.00
1029,93,17,17,0,2020-10-08 00:00:00,10/8/20,Wisconsin,9/25/2020,10/9/2020,Confirmed case death,17,17.00
1030,93,25,24,1,2020-10-07 00:00:00,10/7/20,Wisconsin,9/24/2020,10/8/2020,Confirmed case death,24,24.00
1031,93,15,15,0,2020-10-06 00:00:00,10/6/20,Wisconsin,9/23/2020,10/7/2020,Confirmed case death,15,15.00
1032,93,13,13,0,2020-10-05 00:00:00,10/5/20,Wisconsin,9/22/2020,10/6/2020,Confirmed case death,13,13.00
1033,93,10,10,0,2020-10-04 00:00:00,10/4/20,Wisconsin,9/21/2020,10/5/2020,Confirmed case death,10,10.00
1034,93,10,10,0,2020-10-03 00:00:00,10/3/20,Wisconsin,9/20/2020,10/4/2020,Confirmed case death,10,10.00
1035,93,18,17,1,2020-10-02 00:00:00,10/2/20,Wisconsin,9/19/2020,10/3/2020,Confirmed case death,17,17.00
1036,93,13,11,2,2020-10-01 00:00:00,10/1/20,Wisconsin,9/18/2020,10/2/2020,Confirmed case death,11,11.00
1037,93,13,13,0,2020-09-30 00:00:00,9/30/20,Wisconsin,9/17/2020,10/1/2020,Confirmed case death,13,13.00
1038,93,11,11,0,2020-09-29 00:00:00,9/29/20,Wisconsin,9/16/2020,9/30/2020,Confirmed case death,11,11.00
1039,93,10,10,0,2020-09-28 00:00:00,9/28/20,Wisconsin,9/15/2020,9/29/2020,Confirmed case death,10,10.00
1040,93,11,11,0,2020-09-27 00:00:00,9/27/20,Wisconsin,9/14/2020,9/28/2020,Confirmed case death,11,11.00
1041,93,8,8,0,2020-09-26 00:00:00,9/26/20,Wisconsin,9/13/2020,9/27/2020,Confirmed case death,8,8.00
1042,93,7,7,0,2020-09-25 00:00:00,9/25/20,Wisconsin,9/12/2020,9/26/2020,Confirmed case death,7,7.00
1043,93,11,11,0,2020-09-24 00:00:00,9/24/20,Wisconsin,9/11/2020,9/25/2020,Confirmed case death,11,11.00
1044,93,13,13,0,2020-09-23 00:00:00,9/23/20,Wisconsin,9/10/2020,9/24/2020,Confirmed case death,13,13.00
1045,93,2,2,0,2020-09-22 00:00:00,9/22/20,Wisconsin,9/9/2020,9/23/2020,Confirmed case death,2,2.00
1046,93,5,5,0,2020-09-21 00:00:00,9/21/20,Wisconsin,9/8/2020,9/22/2020,Confirmed case death,5,5.00
1047,93,11,11,0,2020-09-20 00:00:00,9/20/20,Wisconsin,9/7/2020,9/21/2020,Confirmed case death,11,11.00
1048,93,4,4,0,2020-09-19 00:00:00,9/19/20,Wisconsin,9/6/2020,9/20/2020,Confirmed case death,4,4.00
1049,93,4,4,0,2020-09-18 00:00:00,9/18/20,Wisconsin,9/5/2020,9/19/2020,Confirmed case death,4,4.00
1050,93,6,6,0,2020-09-17 00:00:00,9/17/20,Wisconsin,9/4/2020,9/18/2020,Confirmed case death,6,6.00
1051,93,2,2,0,2020-09-16 00:00:00,9/16/20,Wisconsin,9/3/2020,9/17/2020,Confirmed case death,2,2.00
1052,93,7,7,0,2020-09-15 00:00:00,9/15/20,Wisconsin,9/2/2020,9/16/2020,Confirmed case death,7,7.00
1053,93,4,4,0,2020-09-14 00:00:00,9/14/20,Wisconsin,9/1/2020,9/15/2020,Confirmed case death,4,4.00
1054,93,7,7,0,2020-09-13 00:00:00,9/13/20,Wisconsin,8/31/2020,9/14/2020,Confirmed case death,7,7.00
1055,93,7,7,0,2020-09-12 00:00:00,9/12/20,Wisconsin,8/30/2020,9/13/2020,Confirmed case death,7,7.00
1056,93,11,10,1,2020-09-11 00:00:00,9/11/20,Wisconsin,8/29/2020,9/12/2020,Confirmed case death,10,10.00
1057,93,1,1,0,2020-09-10 00:00:00,9/10/20,Wisconsin,8/28/2020,9/11/2020,Confirmed case death,1,1.00
1058,93,5,5,0,2020-09-09 00:00:00,9/9/20,Wisconsin,8/27/2020,9/10/2020,Confirmed case death,5,5.00
1059,93,5,5,0,2020-09-08 00:00:00,9/8/20,Wisconsin,8/26/2020,9/9/2020,Confirmed case death,5,5.00
1060,93,9,9,0,2020-09-07 00:00:00,9/7/20,Wisconsin,8/25/2020,9/8/2020,Confirmed case death,9,9.00
1061,93,6,6,0,2020-09-06 00:00:00,9/6/20,Wisconsin,8/24/2020,9/7/2020,Confirmed case death,6,6.00
1062,93,2,2,0,2020-09-05 00:00:00,9/5/20,Wisconsin,8/23/2020,9/6/2020,Confirmed case death,2,2.00
1063,93,9,9,0,2020-09-04 00:00:00,9/4/20,Wisconsin,8/22/2020,9/5/2020,Confirmed case death,9,9.00
1064,93,5,5,0,2020-09-03 00:00:00,9/3/20,Wisconsin,8/21/2020,9/4/2020,Confirmed case death,5,5.00
1065,93,8,8,0,2020-09-02 00:00:00,9/2/20,Wisconsin,8/20/2020,9/3/2020,Confirmed case death,8,8.00
1066,93,8,8,0,2020-09-01 00:00:00,9/1/20,Wisconsin,8/19/2020,9/2/2020,Confirmed case death,8,8.00
1067,93,4,4,0,2020-08-31 00:00:00,8/31/20,Wisconsin,8/18/2020,9/1/2020,Confirmed case death,4,4.00
1068,93,5,5,0,2020-08-30 00:00:00,8/30/20,Wisconsin,8/17/2020,8/31/2020,Confirmed case death,5,5.00
1069,93,9,9,0,2020-08-29 00:00:00,8/29/20,Wisconsin,8/16/2020,8/30/2020,Confirmed case death,9,9.00
1070,93,6,6,0,2020-08-28 00:00:00,8/28/20,Wisconsin,8/15/2020,8/29/2020,Confirmed case death,6,6.00
1071,93,3,3,0,2020-08-27 00:00:00,8/27/20,Wisconsin,8/14/2020,8/28/2020,Confirmed case death,3,3.00
1072,93,12,12,0,2020-08-26 00:00:00,8/26/20,Wisconsin,8/13/2020,8/27/2020,Confirmed case death,12,12.00
1073,93,7,7,0,2020-08-25 00:00:00,8/25/20,Wisconsin,8/12/2020,8/26/2020,Confirmed case death,7,7.00
1074,93,7,7,0,2020-08-24 00:00:00,8/24/20,Wisconsin,8/11/2020,8/25/2020,Confirmed case death,7,7.00
1075,93,4,4,0,2020-08-23 00:00:00,8/23/20,Wisconsin,8/10/2020,8/24/2020,Confirmed case death,4,4.00
1076,93,6,5,1,2020-08-22 00:00:00,8/22/20,Wisconsin,8/9/2020,8/23/2020,Confirmed case death,5,5.00
1077,93,7,7,0,2020-08-21 00:00:00,8/21/20,Wisconsin,8/8/2020,8/22/2020,Confirmed case death,7,7.00
1078,93,7,7,0,2020-08-20 00:00:00,8/20/20,Wisconsin,8/7/2020,8/21/2020,Confirmed case death,7,7.00
1079,93,5,5,0,2020-08-19 00:00:00,8/19/20,Wisconsin,8/6/2020,8/20/2020,Confirmed case death,5,5.00
1080,93,4,4,0,2020-08-18 00:00:00,8/18/20,Wisconsin,8/5/2020,8/19/2020,Confirmed case death,4,4.00
1081,93,4,4,0,2020-08-17 00:00:00,8/17/20,Wisconsin,8/4/2020,8/18/2020,Confirmed case death,4,4.00
1082,93,5,5,0,2020-08-16 00:00:00,8/16/20,Wisconsin,8/3/2020,8/17/2020,Confirmed case death,5,5.00
1083,93,7,7,0,2020-08-15 00:00:00,8/15/20,Wisconsin,8/2/2020,8/16/2020,Confirmed case death,7,7.00
1084,93,11,11,0,2020-08-14 00:00:00,8/14/20,Wisconsin,8/1/2020,8/15/2020,Confirmed case death,11,11.00
1085,93,5,5,0,2020-08-13 00:00:00,8/13/20,Wisconsin,7/31/2020,8/14/2020,Confirmed case death,5,5.00
1086,93,9,9,0,2020-08-12 00:00:00,8/12/20,Wisconsin,7/30/2020,8/13/2020,Confirmed case death,9,9.00
1087,93,9,9,0,2020-08-11 00:00:00,8/11/20,Wisconsin,7/29/2020,8/12/2020,Confirmed case death,9,9.00
1088,93,5,5,0,2020-08-10 00:00:00,8/10/20,Wisconsin,7/28/2020,8/11/2020,Confirmed case death,5,5.00
1089,93,6,6,0,2020-08-09 00:00:00,8/9/20,Wisconsin,7/27/2020,8/10/2020,Confirmed case death,6,6.00
1090,93,13,12,1,2020-08-08 00:00:00,8/8/20,Wisconsin,7/26/2020,8/9/2020,Confirmed case death,12,12.00
1091,93,7,7,0,2020-08-07 00:00:00,8/7/20,Wisconsin,7/25/2020,8/8/2020,Confirmed case death,7,7.00
1092,93,7,7,0,2020-08-06 00:00:00,8/6/20,Wisconsin,7/24/2020,8/7/2020,Confirmed case death,7,7.00
1093,93,8,8,0,2020-08-05 00:00:00,8/5/20,Wisconsin,7/23/2020,8/6/2020,Confirmed case death,8,8.00
1094,93,8,8,0,2020-08-04 00:00:00,8/4/20,Wisconsin,7/22/2020,8/5/2020,Confirmed case death,8,8.00
1095,93,12,11,1,2020-08-03 00:00:00,8/3/20,Wisconsin,7/21/2020,8/4/2020,Confirmed case death,11,11.00
1096,93,9,9,0,2020-08-02 00:00:00,8/2/20,Wisconsin,7/20/2020,8/3/2020,Confirmed case death,9,9.00
1097,93,3,3,0,2020-08-01 00:00:00,8/1/20,Wisconsin,7/19/2020,8/2/2020,Confirmed case death,3,3.00
1098,93,6,6,0,2020-07-31 00:00:00,7/31/20,Wisconsin,7/18/2020,8/1/2020,Confirmed case death,6,6.00
1099,93,12,12,0,2020-07-30 00:00:00,7/30/20,Wisconsin,7/17/2020,7/31/2020,Confirmed case death,12,12.00
1100,93,5,5,0,2020-07-29 00:00:00,7/29/20,Wisconsin,7/16/2020,7/30/2020,Confirmed case death,5,5.00
1101,93,9,9,0,2020-07-28 00:00:00,7/28/20,Wisconsin,7/15/2020,7/29/2020,Confirmed case death,9,9.00
1102,93,5,5,0,2020-07-27 00:00:00,7/27/20,Wisconsin,7/14/2020,7/28/2020,Confirmed case death,5,5.00
1103,93,8,8,0,2020-07-26 00:00:00,7/26/20,Wisconsin,7/13/2020,7/27/2020,Confirmed case death,8,8.00
1104,93,6,6,0,2020-07-25 00:00:00,7/25/20,Wisconsin,7/12/2020,7/26/2020,Confirmed case death,6,6.00
1105,93,7,7,0,2020-07-24 00:00:00,7/24/20,Wisconsin,7/11/2020,7/25/2020,Confirmed case death,7,7.00
1106,93,8,8,0,2020-07-23 00:00:00,7/23/20,Wisconsin,7/10/2020,7/24/2020,Confirmed case death,8,8.00
1107,93,10,10,0,2020-07-22 00:00:00,7/22/20,Wisconsin,7/9/2020,7/23/2020,Confirmed case death,10,10.00
1108,93,7,7,0,2020-07-21 00:00:00,7/21/20,Wisconsin,7/8/2020,7/22/2020,Confirmed case death,7,7.00
1109,93,10,10,0,2020-07-20 00:00:00,7/20/20,Wisconsin,7/7/2020,7/21/2020,Confirmed case death,10,10.00
1110,93,8,8,0,2020-07-19 00:00:00,7/19/20,Wisconsin,7/6/2020,7/20/2020,Confirmed case death,8,8.00
1111,93,4,4,0,2020-07-18 00:00:00,7/18/20,Wisconsin,7/5/2020,7/19/2020,Confirmed case death,4,4.00
1112,93,6,6,0,2020-07-17 00:00:00,7/17/20,Wisconsin,7/4/2020,7/18/2020,Confirmed case death,6,6.00
1113,93,4,4,0,2020-07-16 00:00:00,7/16/20,Wisconsin,7/3/2020,7/17/2020,Confirmed case death,4,4.00
1114,93,7,7,0,2020-07-15 00:00:00,7/15/20,Wisconsin,7/2/2020,7/16/2020,Confirmed case death,7,7.00
1115,93,2,2,0,2020-07-14 00:00:00,7/14/20,Wisconsin,7/1/2020,7/15/2020,Confirmed case death,2,2.00
1116,93,7,7,0,2020-07-13 00:00:00,7/13/20,Wisconsin,6/30/2020,7/14/2020,Confirmed case death,7,7.00
1117,93,2,2,0,2020-07-12 00:00:00,7/12/20,Wisconsin,6/29/2020,7/13/2020,Confirmed case death,2,2.00
1118,93,2,2,0,2020-07-11 00:00:00,7/11/20,Wisconsin,6/28/2020,7/12/2020,Confirmed case death,2,2.00
1119,93,4,4,0,2020-07-10 00:00:00,7/10/20,Wisconsin,6/27/2020,7/11/2020,Confirmed case death,4,4.00
1120,93,3,3,0,2020-07-09 00:00:00,7/9/20,Wisconsin,6/26/2020,7/10/2020,Confirmed case death,3,3.00
1121,93,4,4,0,2020-07-08 00:00:00,7/8/20,Wisconsin,6/25/2020,7/9/2020,Confirmed case death,4,4.00
1122,93,2,2,0,2020-07-07 00:00:00,7/7/20,Wisconsin,6/24/2020,7/8/2020,Confirmed case death,2,2.00
1123,93,3,3,0,2020-07-06 00:00:00,7/6/20,Wisconsin,6/23/2020,7/7/2020,Confirmed case death,3,3.00
1124,93,2,2,0,2020-07-05 00:00:00,7/5/20,Wisconsin,6/22/2020,7/6/2020,Confirmed case death,2,2.00
1125,93,2,2,0,2020-07-04 00:00:00,7/4/20,Wisconsin,6/21/2020,7/5/2020,Confirmed case death,2,2.00
1126,93,3,3,0,2020-07-03 00:00:00,7/3/20,Wisconsin,6/20/2020,7/4/2020,Confirmed case death,3,3.00
1127,93,4,4,0,2020-07-02 00:00:00,7/2/20,Wisconsin,6/19/2020,7/3/2020,Confirmed case death,4,4.00
1128,93,4,4,0,2020-07-01 00:00:00,7/1/20,Wisconsin,6/18/2020,7/2/2020,Confirmed case death,4,4.00
1129,93,1,1,0,2020-06-30 00:00:00,6/30/20,Wisconsin,6/17/2020,7/1/2020,Confirmed case death,1,1.00
1130,93,2,2,0,2020-06-29 00:00:00,6/29/20,Wisconsin,6/16/2020,6/30/2020,Confirmed case death,2,2.00
1131,93,6,6,0,2020-06-28 00:00:00,6/28/20,Wisconsin,6/15/2020,6/29/2020,Confirmed case death,6,6.00
1132,93,7,7,0,2020-06-27 00:00:00,6/27/20,Wisconsin,6/14/2020,6/28/2020,Confirmed case death,7,7.00
1133,93,3,3,0,2020-06-26 00:00:00,6/26/20,Wisconsin,6/13/2020,6/27/2020,Confirmed case death,3,3.00
1134,93,4,4,0,2020-06-25 00:00:00,6/25/20,Wisconsin,6/12/2020,6/26/2020,Confirmed case death,4,4.00
1135,93,6,6,0,2020-06-24 00:00:00,6/24/20,Wisconsin,6/11/2020,6/25/2020,Confirmed case death,6,6.00
1136,93,3,3,0,2020-06-23 00:00:00,6/23/20,Wisconsin,6/10/2020,6/24/2020,Confirmed case death,3,3.00
1137,93,4,4,0,2020-06-22 00:00:00,6/22/20,Wisconsin,6/9/2020,6/23/2020,Confirmed case death,4,4.00
1138,93,8,8,0,2020-06-21 00:00:00,6/21/20,Wisconsin,6/8/2020,6/22/2020,Confirmed case death,8,8.00
1139,93,3,3,0,2020-06-20 00:00:00,6/20/20,Wisconsin,6/7/2020,6/21/2020,Confirmed case death,3,3.00
1140,93,2,2,0,2020-06-19 00:00:00,6/19/20,Wisconsin,6/6/2020,6/20/2020,Confirmed case death,2,2.00
1141,93,4,4,0,2020-06-18 00:00:00,6/18/20,Wisconsin,6/5/2020,6/19/2020,Confirmed case death,4,4.00
1142,93,9,8,1,2020-06-17 00:00:00,6/17/20,Wisconsin,6/4/2020,6/18/2020,Confirmed case death,8,8.00
1143,93,6,6,0,2020-06-16 00:00:00,6/16/20,Wisconsin,6/3/2020,6/17/2020,Confirmed case death,6,6.00
1144,93,8,8,0,2020-06-15 00:00:00,6/15/20,Wisconsin,6/2/2020,6/16/2020,Confirmed case death,8,8.00
1145,93,6,6,0,2020-06-14 00:00:00,6/14/20,Wisconsin,6/1/2020,6/15/2020,Confirmed case death,6,6.00
1146,93,5,5,0,2020-06-13 00:00:00,6/13/20,Wisconsin,5/31/2020,6/14/2020,Confirmed case death,5,5.00
1147,93,8,8,0,2020-06-12 00:00:00,6/12/20,Wisconsin,5/30/2020,6/13/2020,Confirmed case death,8,8.00
1148,93,5,5,0,2020-06-11 00:00:00,6/11/20,Wisconsin,5/29/2020,6/12/2020,Confirmed case death,5,5.00
1149,93,12,12,0,2020-06-10 00:00:00,6/10/20,Wisconsin,5/28/2020,6/11/2020,Confirmed case death,12,12.00
1150,93,5,5,0,2020-06-09 00:00:00,6/9/20,Wisconsin,5/27/2020,6/10/2020,Confirmed case death,5,5.00
1151,93,4,4,0,2020-06-08 00:00:00,6/8/20,Wisconsin,5/26/2020,6/9/2020,Confirmed case death,4,4.00
1152,93,5,5,0,2020-06-07 00:00:00,6/7/20,Wisconsin,5/25/2020,6/8/2020,Confirmed case death,5,5.00
1153,93,3,3,0,2020-06-06 00:00:00,6/6/20,Wisconsin,5/24/2020,6/7/2020,Confirmed case death,3,3.00
1154,93,14,14,0,2020-06-05 00:00:00,6/5/20,Wisconsin,5/23/2020,6/6/2020,Confirmed case death,14,14.00
1155,93,6,6,0,2020-06-04 00:00:00,6/4/20,Wisconsin,5/22/2020,6/5/2020,Confirmed case death,6,6.00
1156,93,6,6,0,2020-06-03 00:00:00,6/3/20,Wisconsin,5/21/2020,6/4/2020,Confirmed case death,6,6.00
1157,93,5,5,0,2020-06-02 00:00:00,6/2/20,Wisconsin,5/20/2020,6/3/2020,Confirmed case death,5,5.00
1158,93,6,6,0,2020-06-01 00:00:00,6/1/20,Wisconsin,5/19/2020,6/2/2020,Confirmed case death,6,6.00
1159,93,5,5,0,2020-05-31 00:00:00,5/31/20,Wisconsin,5/18/2020,6/1/2020,Confirmed case death,5,5.00
1160,93,11,11,0,2020-05-30 00:00:00,5/30/20,Wisconsin,5/17/2020,5/31/2020,Confirmed case death,11,11.00
1161,93,13,13,0,2020-05-29 00:00:00,5/29/20,Wisconsin,5/16/2020,5/30/2020,Confirmed case death,13,13.00
1162,93,16,16,0,2020-05-28 00:00:00,5/28/20,Wisconsin,5/15/2020,5/29/2020,Confirmed case death,16,16.00
1163,93,12,12,0,2020-05-27 00:00:00,5/27/20,Wisconsin,5/14/2020,5/28/2020,Confirmed case death,12,12.00
1164,93,16,15,1,2020-05-26 00:00:00,5/26/20,Wisconsin,5/13/2020,5/27/2020,Confirmed case death,15,15.00
1165,93,15,15,0,2020-05-25 00:00:00,5/25/20,Wisconsin,5/12/2020,5/26/2020,Confirmed case death,15,15.00
1166,93,9,9,0,2020-05-24 00:00:00,5/24/20,Wisconsin,5/11/2020,5/25/2020,Confirmed case death,9,9.00
1167,93,13,13,0,2020-05-23 00:00:00,5/23/20,Wisconsin,5/10/2020,5/24/2020,Confirmed case death,13,13.00
1168,93,10,10,0,2020-05-22 00:00:00,5/22/20,Wisconsin,5/9/2020,5/23/2020,Confirmed case death,10,10.00
1169,93,10,10,0,2020-05-21 00:00:00,5/21/20,Wisconsin,5/8/2020,5/22/2020,Confirmed case death,10,10.00
1170,93,12,12,0,2020-05-20 00:00:00,5/20/20,Wisconsin,5/7/2020,5/21/2020,Confirmed case death,12,12.00
1171,93,8,8,0,2020-05-19 00:00:00,5/19/20,Wisconsin,5/6/2020,5/20/2020,Confirmed case death,8,8.00
1172,93,7,7,0,2020-05-18 00:00:00,5/18/20,Wisconsin,5/5/2020,5/19/2020,Confirmed case death,7,7.00
1173,93,8,8,0,2020-05-17 00:00:00,5/17/20,Wisconsin,5/4/2020,5/18/2020,Confirmed case death,8,8.00
1174,93,5,5,0,2020-05-16 00:00:00,5/16/20,Wisconsin,5/3/2020,5/17/2020,Confirmed case death,5,5.00
1175,93,5,5,0,2020-05-15 00:00:00,5/15/20,Wisconsin,5/2/2020,5/16/2020,Confirmed case death,5,5.00
1176,93,10,10,0,2020-05-14 00:00:00,5/14/20,Wisconsin,5/1/2020,5/15/2020,Confirmed case death,10,10.00
1177,93,6,6,0,2020-05-13 00:00:00,5/13/20,Wisconsin,4/30/2020,5/14/2020,Confirmed case death,6,6.00
1178,93,10,10,0,2020-05-12 00:00:00,5/12/20,Wisconsin,4/29/2020,5/13/2020,Confirmed case death,10,10.00
1179,93,5,5,0,2020-05-11 00:00:00,5/11/20,Wisconsin,4/28/2020,5/12/2020,Confirmed case death,5,5.00
1180,93,13,13,0,2020-05-10 00:00:00,5/10/20,Wisconsin,4/27/2020,5/11/2020,Confirmed case death,13,13.00
1181,93,6,6,0,2020-05-09 00:00:00,5/9/20,Wisconsin,4/26/2020,5/10/2020,Confirmed case death,6,6.00
1182,93,15,15,0,2020-05-08 00:00:00,5/8/20,Wisconsin,4/25/2020,5/9/2020,Confirmed case death,15,15.00
1183,93,8,8,0,2020-05-07 00:00:00,5/7/20,Wisconsin,4/24/2020,5/8/2020,Confirmed case death,8,8.00
1184,93,4,4,0,2020-05-06 00:00:00,5/6/20,Wisconsin,4/23/2020,5/7/2020,Confirmed case death,4,4.00
1185,93,10,10,0,2020-05-05 00:00:00,5/5/20,Wisconsin,4/22/2020,5/6/2020,Confirmed case death,10,10.00
1186,93,7,7,0,2020-05-04 00:00:00,5/4/20,Wisconsin,4/21/2020,5/5/2020,Confirmed case death,7,7.00
1187,93,11,10,1,2020-05-03 00:00:00,5/3/20,Wisconsin,4/20/2020,5/4/2020,Confirmed case death,10,10.00
1188,93,7,7,0,2020-05-02 00:00:00,5/2/20,Wisconsin,4/19/2020,5/3/2020,Confirmed case death,7,7.00
1189,93,10,10,0,2020-05-01 00:00:00,5/1/20,Wisconsin,4/18/2020,5/2/2020,Confirmed case death,10,10.00
1190,93,5,5,0,2020-04-30 00:00:00,4/30/20,Wisconsin,4/17/2020,5/1/2020,Confirmed case death,5,5.00
1191,93,13,13,0,2020-04-29 00:00:00,4/29/20,Wisconsin,4/16/2020,4/30/2020,Confirmed case death,13,13.00
1192,93,18,18,0,2020-04-28 00:00:00,4/28/20,Wisconsin,4/15/2020,4/29/2020,Confirmed case death,18,18.00
1193,93,10,10,0,2020-04-27 00:00:00,4/27/20,Wisconsin,4/14/2020,4/28/2020,Confirmed case death,10,10.00
1194,93,11,11,0,2020-04-26 00:00:00,4/26/20,Wisconsin,4/13/2020,4/27/2020,Confirmed case death,11,11.00
1195,93,8,8,0,2020-04-25 00:00:00,4/25/20,Wisconsin,4/12/2020,4/26/2020,Confirmed case death,8,8.00
1196,93,9,8,1,2020-04-24 00:00:00,4/24/20,Wisconsin,4/11/2020,4/25/2020,Confirmed case death,8,8.00
1197,93,5,5,0,2020-04-23 00:00:00,4/23/20,Wisconsin,4/10/2020,4/24/2020,Confirmed case death,5,5.00
1198,93,8,8,0,2020-04-22 00:00:00,4/22/20,Wisconsin,4/9/2020,4/23/2020,Confirmed case death,8,8.00
1199,93,7,7,0,2020-04-21 00:00:00,4/21/20,Wisconsin,4/8/2020,4/22/2020,Confirmed case death,7,7.00
1200,93,4,4,0,2020-04-20 00:00:00,4/20/20,Wisconsin,4/7/2020,4/21/2020,Confirmed case death,4,4.00
1201,93,9,9,0,2020-04-19 00:00:00,4/19/20,Wisconsin,4/6/2020,4/20/2020,Confirmed case death,9,9.00
1202,93,16,16,0,2020-04-18 00:00:00,4/18/20,Wisconsin,4/5/2020,4/19/2020,Confirmed case death,16,16.00
1203,93,8,8,0,2020-04-17 00:00:00,4/17/20,Wisconsin,4/4/2020,4/18/2020,Confirmed case death,8,8.00
1204,93,11,11,0,2020-04-16 00:00:00,4/16/20,Wisconsin,4/3/2020,4/17/2020,Confirmed case death,11,11.00
1205,93,10,10,0,2020-04-15 00:00:00,4/15/20,Wisconsin,4/2/2020,4/16/2020,Confirmed case death,10,10.00
1206,93,9,9,0,2020-04-14 00:00:00,4/14/20,Wisconsin,4/1/2020,4/15/2020,Confirmed case death,9,9.00
1207,93,12,12,0,2020-04-13 00:00:00,4/13/20,Wisconsin,3/31/2020,4/14/2020,Confirmed case death,12,12.00
1208,93,6,6,0,2020-04-12 00:00:00,4/12/20,Wisconsin,3/30/2020,4/13/2020,Confirmed case death,6,6.00
1209,93,13,13,0,2020-04-11 00:00:00,4/11/20,Wisconsin,3/29/2020,4/12/2020,Confirmed case death,13,13.00
1210,93,10,10,0,2020-04-10 00:00:00,4/10/20,Wisconsin,3/28/2020,4/11/2020,Confirmed case death,10,10.00
1211,93,14,14,0,2020-04-09 00:00:00,4/9/20,Wisconsin,3/27/2020,4/10/2020,Confirmed case death,14,14.00
1212,93,17,17,0,2020-04-08 00:00:00,4/8/20,Wisconsin,3/26/2020,4/9/2020,Confirmed case death,17,17.00
1213,93,7,7,0,2020-04-07 00:00:00,4/7/20,Wisconsin,3/25/2020,4/8/2020,Confirmed case death,7,7.00
1214,93,10,10,0,2020-04-06 00:00:00,4/6/20,Wisconsin,3/24/2020,4/7/2020,Confirmed case death,10,10.00
1215,93,4,4,0,2020-04-05 00:00:00,4/5/20,Wisconsin,3/23/2020,4/6/2020,Confirmed case death,4,4.00
1216,93,16,16,0,2020-04-04 00:00:00,4/4/20,Wisconsin,3/22/2020,4/5/2020,Confirmed case death,16,16.00
1217,93,19,18,1,2020-04-03 00:00:00,4/3/20,Wisconsin,3/21/2020,4/4/2020,Confirmed case death,18,18.00
1218,93,13,13,0,2020-04-02 00:00:00,4/2/20,Wisconsin,3/20/2020,4/3/2020,Confirmed case death,13,13.00
1219,93,11,11,0,2020-04-01 00:00:00,4/1/20,Wisconsin,3/19/2020,4/2/2020,Confirmed case death,11,11.00
1220,93,8,8,0,2020-03-31 00:00:00,3/31/20,Wisconsin,3/18/2020,4/1/2020,Confirmed case death,8,8.00
1221,93,6,5,1,2020-03-30 00:00:00,3/30/20,Wisconsin,3/17/2020,3/31/2020,Confirmed case death,5,5.00
1222,93,7,7,0,2020-03-29 00:00:00,3/29/20,Wisconsin,3/16/2020,3/30/2020,Confirmed case death,7,7.00
1223,93,3,3,0,2020-03-28 00:00:00,3/28/20,Wisconsin,3/15/2020,3/29/2020,Confirmed case death,3,3.00
1224,93,2,1,1,2020-03-27 00:00:00,3/27/20,Wisconsin,3/14/2020,3/28/2020,Confirmed case death,1,1.00
1225,93,7,6,1,2020-03-26 00:00:00,3/26/20,Wisconsin,3/13/2020,3/27/2020,Confirmed case death,6,6.00
1226,93,4,4,0,2020-03-25 00:00:00,3/25/20,Wisconsin,3/12/2020,3/26/2020,Confirmed case death,4,4.00
1227,93,2,2,0,2020-03-24 00:00:00,3/24/20,Wisconsin,3/11/2020,3/25/2020,Confirmed case death,2,2.00
1228,93,0,0,0,2020-03-23 00:00:00,3/23/20,Wisconsin,3/10/2020,3/24/2020,Confirmed case death,0,0.00
1229,93,0,0,0,2020-03-22 00:00:00,3/22/20,Wisconsin,3/9/2020,3/23/2020,Confirmed case death,0,0.00
1230,93,0,0,0,2020-03-21 00:00:00,3/21/20,Wisconsin,3/8/2020,3/22/2020,Confirmed case death,0,0.00
1231,93,1,1,0,2020-03-20 00:00:00,3/20/20,Wisconsin,3/7/2020,3/21/2020,Confirmed case death,1,1.00
1232,93,3,3,0,2020-03-19 00:00:00,3/19/20,Wisconsin,3/6/2020,3/20/2020,Confirmed case death,3,3.00
1233,93,0,0,0,2020-03-18 00:00:00,3/18/20,Wisconsin,3/5/2020,3/19/2020,Confirmed case death,0,0.00
1234,93,0,0,0,2020-03-17 00:00:00,3/17/20,Wisconsin,3/4/2020,3/18/2020,Confirmed case death,0,0.00
1235,93,0,0,0,2020-03-16 00:00:00,3/16/20,Wisconsin,3/3/2020,3/17/2020,Confirmed case death,0,0.00
1236,93,0,0,0,2020-03-15 00:00:00,3/15/20,Wisconsin,3/2/2020,3/16/2020,Confirmed case death,0,0.00
1237,93,0,0,0,2020-03-14 00:00:00,3/14/20,Wisconsin,3/1/2020,3/15/2020,Confirmed case death,0,0.00
1238,93,0,0,0,2020-03-13 00:00:00,3/13/20,Wisconsin,2/29/2020,3/14/2020,Confirmed case death,0,0.00
1239,93,0,0,0,2020-03-12 00:00:00,3/12/20,Wisconsin,2/28/2020,3/13/2020,Confirmed case death,0,0.00
1240,93,0,0,0,2020-03-11 00:00:00,3/11/20,Wisconsin,2/27/2020,3/12/2020,Confirmed case death,0,0.00
1241,93,0,0,0,2020-03-10 00:00:00,3/10/20,Wisconsin,2/26/2020,3/11/2020,Confirmed case death,0,0.00
1242,93,0,0,0,2020-03-09 00:00:00,3/9/20,Wisconsin,2/25/2020,3/10/2020,Confirmed case death,0,0.00
1243,93,0,0,0,2020-03-08 00:00:00,3/8/20,Wisconsin,2/24/2020,3/9/2020,Confirmed case death,0,0.00
1244,93,0,0,0,2020-03-07 00:00:00,3/7/20,Wisconsin,2/23/2020,3/8/2020,Confirmed case death,0,0.00
1245,93,0,0,0,2020-03-06 00:00:00,3/6/20,Wisconsin,2/22/2020,3/7/2020,Confirmed case death,0,0.00
1246,93,0,0,0,2020-03-05 00:00:00,3/5/20,Wisconsin,2/21/2020,3/6/2020,Confirmed case death,0,0.00
1247,93,0,0,0,2020-03-04 00:00:00,3/4/20,Wisconsin,2/20/2020,3/5/2020,Confirmed case death,0,0.00
1248,93,0,0,0,2020-03-03 00:00:00,3/3/20,Wisconsin,2/19/2020,3/4/2020,Confirmed case death,0,0.00
1249,93,0,0,0,2020-03-02 00:00:00,3/2/20,Wisconsin,2/18/2020,3/3/2020,Confirmed case death,0,0.00
1250,93,0,0,0,2020-03-01 00:00:00,3/1/20,Wisconsin,2/17/2020,3/2/2020,Confirmed case death,0,0.00
1251,93,0,0,0,2020-02-29 00:00:00,2/29/20,Wisconsin,2/16/2020,3/1/2020,Confirmed case death,0,0.00
1252,93,0,0,0,2020-02-28 00:00:00,2/28/20,Wisconsin,2/15/2020,2/29/2020,Confirmed case death,0,0.00
1253,93,0,0,0,2020-02-27 00:00:00,2/27/20,Wisconsin,2/14/2020,2/28/2020,Confirmed case death,0,0.00
1254,93,0,0,0,2020-02-26 00:00:00,2/26/20,Wisconsin,2/13/2020,2/27/2020,Confirmed case death,0,0.00
1255,93,0,0,0,2020-02-25 00:00:00,2/25/20,Wisconsin,2/12/2020,2/26/2020,Confirmed case death,0,0.00
1256,93,0,0,0,2020-02-24 00:00:00,2/24/20,Wisconsin,2/11/2020,2/25/2020,Confirmed case death,0,0.00
1257,93,0,0,0,2020-02-23 00:00:00,2/23/20,Wisconsin,2/10/2020,2/24/2020,Confirmed case death,0,0.00
1258,93,0,0,0,2020-02-22 00:00:00,2/22/20,Wisconsin,2/9/2020,2/23/2020,Confirmed case death,0,0.00
1259,93,0,0,0,2020-02-21 00:00:00,2/21/20,Wisconsin,2/8/2020,2/22/2020,Confirmed case death,0,0.00
1260,93,0,0,0,2020-02-20 00:00:00,2/20/20,Wisconsin,2/7/2020,2/21/2020,Confirmed case death,0,0.00
1261,93,0,0,0,2020-02-19 00:00:00,2/19/20,Wisconsin,2/6/2020,2/20/2020,Confirmed case death,0,0.00
1262,93,0,0,0,2020-02-18 00:00:00,2/18/20,Wisconsin,2/5/2020,2/19/2020,Confirmed case death,0,0.00
1263,93,0,0,0,2020-02-17 00:00:00,2/17/20,Wisconsin,2/4/2020,2/18/2020,Confirmed case death,0,0.00
1264,93,0,0,0,2020-02-16 00:00:00,2/16/20,Wisconsin,2/3/2020,2/17/2020,Confirmed case death,0,0.00
1265,93,0,0,0,2020-02-15 00:00:00,2/15/20,Wisconsin,2/2/2020,2/16/2020,Confirmed case death,0,0.00
1266,93,0,0,0,2020-02-14 00:00:00,2/14/20,Wisconsin,2/1/2020,2/15/2020,Confirmed case death,0,0.00
1267,93,0,0,0,2020-02-13 00:00:00,2/13/20,Wisconsin,1/31/2020,2/14/2020,Confirmed case death,0,0.00
1268,93,0,0,0,2020-02-12 00:00:00,2/12/20,Wisconsin,1/30/2020,2/13/2020,Confirmed case death,0,0.00
1269,93,0,0,0,2020-02-11 00:00:00,2/11/20,Wisconsin,1/29/2020,2/12/2020,Confirmed case death,0,0.00
1270,93,0,0,0,2020-02-10 00:00:00,2/10/20,Wisconsin,1/28/2020,2/11/2020,Confirmed case death,0,0.00
1271,93,0,0,0,2020-02-09 00:00:00,2/9/20,Wisconsin,1/27/2020,2/10/2020,Confirmed case death,0,0.00
1272,93,0,0,0,2020-02-08 00:00:00,2/8/20,Wisconsin,1/26/2020,2/9/2020,Confirmed case death,0,0.00
1273,93,0,0,0,2020-02-07 00:00:00,2/7/20,Wisconsin,1/25/2020,2/8/2020,Confirmed case death,0,0.00
1274,93,0,0,0,2020-02-06 00:00:00,2/6/20,Wisconsin,1/24/2020,2/7/2020,Confirmed case death,0,0.00
1275,93,0,0,0,2020-02-05 00:00:00,2/5/20,Wisconsin,1/23/2020,2/6/2020,Confirmed case death,0,0.00
1276,93,0,0,0,2020-02-04 00:00:00,2/4/20,Wisconsin,1/22/2020,2/5/2020,Confirmed case death,0,0.00
1277,93,0,0,0,2020-02-03 00:00:00,2/3/20,Wisconsin,1/21/2020,2/4/2020,Confirmed case death,0,0.00
1278,93,0,0,0,2020-02-02 00:00:00,2/2/20,Wisconsin,1/20/2020,2/3/2020,Confirmed case death,0,0.00
1279,93,0,0,0,2020-02-01 00:00:00,2/1/20,Wisconsin,1/19/2020,2/2/2020,Confirmed case death,0,0.00
1280,93,0,0,0,2020-01-31 00:00:00,1/31/20,Wisconsin,1/18/2020,2/1/2020,Confirmed case death,0,0.00
1281,93,0,0,0,2020-01-30 00:00:00,1/30/20,Wisconsin,1/17/2020,1/31/2020,Confirmed case death,0,0.00
1282,93,0,0,0,2020-01-29 00:00:00,1/29/20,Wisconsin,1/16/2020,1/30/2020,Confirmed case death,0,0.00
1283,93,0,0,0,2020-01-28 00:00:00,1/28/20,Wisconsin,1/15/2020,1/29/2020,Confirmed case death,0,0.00
1284,93,0,0,0,2020-01-27 00:00:00,1/27/20,Wisconsin,1/14/2020,1/28/2020,Confirmed case death,0,0.00
1285,93,0,0,0,2020-01-26 00:00:00,1/26/20,Wisconsin,1/13/2020,1/27/2020,Confirmed case death,0,0.00
1286,93,0,0,0,2020-01-25 00:00:00,1/25/20,Wisconsin,1/12/2020,1/26/2020,Confirmed case death,0,0.00
1287,93,0,0,0,2020-01-24 00:00:00,1/24/20,Wisconsin,1/11/2020,1/25/2020,Confirmed case death,0,0.00
1288,93,0,0,0,2020-01-23 00:00:00,1/23/20,Wisconsin,1/10/2020,1/24/2020,Confirmed case death,0,0.00
1289,93,1,0,1,2020-01-22 00:00:00,1/22/20,Wisconsin,1/9/2020,1/23/2020,Confirmed case death,0,0.00
